SimplicialSurfaceByDownwardIncidenceNC([[1,7],[1,8],[1,9],[1,10],[2,3],[2,4],[2,5],[2,6],[3,5],[3,6],[3,7],[4,5],[4,6],[4,8],[5,7],[5,8],[5,9],[6,7],[6,8],[6,10],[7,9],[7,10],[8,9],[8,10]],[[1,3,21],[1,4,22],[2,3,23],[2,4,24],[5,7,9],[5,8,10],[6,7,12],[6,8,13],[9,11,15],[10,11,18],[12,14,16],[13,14,19],[15,17,21],[16,17,23],[18,20,22],[19,20,24]])
SimplicialSurfaceByDownwardIncidenceNC([[1,6],[1,8],[1,9],[1,10],[2,3],[2,4],[2,5],[2,6],[3,5],[3,6],[3,7],[4,5],[4,6],[4,8],[5,7],[5,8],[5,9],[6,7],[6,8],[6,10],[7,9],[7,10],[8,9],[9,10]],[[1,2,19],[1,4,20],[2,3,23],[3,4,24],[5,7,9],[5,8,10],[6,7,12],[6,8,13],[9,11,15],[10,11,18],[12,14,16],[13,14,19],[15,17,21],[16,17,23],[18,20,22],[21,22,24]])
SimplicialSurfaceByDownwardIncidenceNC([[1,6],[1,7],[1,8],[1,9],[2,4],[2,5],[2,6],[2,10],[3,5],[3,6],[3,7],[3,10],[4,5],[4,6],[4,8],[5,7],[5,8],[5,9],[5,10],[6,7],[6,8],[6,10],[7,9],[8,9]],[[1,2,20],[1,3,21],[2,4,23],[3,4,24],[5,6,13],[5,7,14],[6,8,19],[7,8,22],[9,11,16],[9,12,19],[10,11,20],[10,12,22],[13,15,17],[14,15,21],[16,18,23],[17,18,24]])
SimplicialSurfaceByDownwardIncidenceNC([[1,6],[1,7],[1,8],[1,9],[2,3],[2,4],[2,6],[2,10],[3,5],[3,6],[3,7],[3,10],[4,5],[4,6],[4,8],[4,10],[5,7],[5,8],[5,9],[5,10],[6,7],[6,8],[7,9],[8,9]],[[1,2,21],[1,3,22],[2,4,23],[3,4,24],[5,7,10],[5,8,12],[6,7,14],[6,8,16],[9,11,17],[9,12,20],[10,11,21],[13,15,18],[13,16,20],[14,15,22],[17,19,23],[18,19,24]])
SimplicialSurfaceByDownwardIncidenceNC([[1,6],[1,7],[1,8],[1,9],[2,3],[2,4],[2,5],[2,6],[2,10],[3,6],[3,7],[3,10],[4,5],[4,6],[4,8],[5,7],[5,8],[5,9],[5,10],[6,7],[6,8],[7,9],[7,10],[8,9]],[[1,2,20],[1,3,21],[2,4,22],[3,4,24],[5,8,10],[5,9,12],[6,7,13],[6,8,14],[7,9,19],[10,11,20],[11,12,23],[13,15,17],[14,15,21],[16,18,22],[16,19,23],[17,18,24]])
SimplicialSurfaceByDownwardIncidenceNC([[1,6],[1,7],[1,8],[1,9],[2,3],[2,4],[2,5],[2,6],[3,5],[3,6],[3,7],[3,10],[4,5],[4,6],[4,8],[5,8],[5,9],[5,10],[6,7],[6,8],[7,9],[7,10],[8,9],[9,10]],[[1,2,19],[1,3,20],[2,4,21],[3,4,23],[5,7,9],[5,8,10],[6,7,13],[6,8,14],[9,12,18],[10,11,19],[11,12,22],[13,15,16],[14,15,20],[16,17,23],[17,18,24],[21,22,24]])
SimplicialSurfaceByDownwardIncidenceNC([[1,5],[1,6],[1,9],[1,10],[2,3],[2,4],[2,5],[2,6],[3,5],[3,6],[3,7],[4,5],[4,6],[4,8],[5,7],[5,8],[5,9],[5,10],[6,7],[6,8],[6,9],[6,10],[7,9],[8,10]],[[1,3,17],[1,4,18],[2,3,21],[2,4,22],[5,7,9],[5,8,10],[6,7,12],[6,8,13],[9,11,15],[10,11,19],[12,14,16],[13,14,20],[15,17,23],[16,18,24],[19,21,23],[20,22,24]])
SimplicialSurfaceByDownwardIncidenceNC([[1,7],[1,8],[1,9],[1,10],[2,3],[2,4],[2,5],[2,6],[3,5],[3,6],[3,7],[4,5],[4,6],[4,8],[4,9],[5,7],[5,8],[6,7],[6,9],[6,10],[7,8],[7,10],[8,9],[9,10]],[[1,2,21],[1,4,22],[2,3,23],[3,4,24],[5,7,9],[5,8,10],[6,7,12],[6,8,13],[9,11,16],[10,11,18],[12,14,17],[13,15,19],[14,15,23],[16,17,21],[18,20,22],[19,20,24]])
SimplicialSurfaceByDownwardIncidenceNC([[1,6],[1,7],[1,8],[1,9],[2,3],[2,4],[2,5],[2,6],[2,10],[3,5],[3,6],[3,7],[4,5],[4,8],[4,9],[4,10],[5,7],[5,8],[6,7],[6,9],[6,10],[7,8],[8,9],[9,10]],[[1,2,19],[1,4,20],[2,3,22],[3,4,23],[5,7,10],[5,8,11],[6,7,13],[6,9,16],[8,9,21],[10,12,17],[11,12,19],[13,14,18],[14,15,23],[15,16,24],[17,18,22],[20,21,24]])
SimplicialSurfaceByDownwardIncidenceNC([[1,4],[1,6],[1,7],[1,8],[2,3],[2,4],[2,6],[2,9],[2,10],[3,5],[3,6],[3,7],[3,10],[4,6],[4,8],[4,9],[5,7],[5,8],[5,9],[5,10],[6,7],[7,8],[8,9],[9,10]],[[1,2,14],[1,4,15],[2,3,21],[3,4,22],[5,7,11],[5,9,13],[6,7,14],[6,8,16],[8,9,24],[10,12,17],[10,13,20],[11,12,21],[15,16,23],[17,18,22],[18,19,23],[19,20,24]])
