SimplicialSurfaceByDownwardIncidenceNC([[1,8],[1,9],[1,10],[1,11],[2,3],[2,4],[2,5],[2,6],[3,5],[3,6],[3,7],[4,5],[4,6],[4,8],[5,7],[5,8],[5,9],[6,7],[6,8],[6,10],[7,9],[7,10],[7,11],[8,9],[8,10],[9,11],[10,11]],[[1,2,24],[1,3,25],[2,4,26],[3,4,27],[5,7,9],[5,8,10],[6,7,12],[6,8,13],[9,11,15],[10,11,18],[12,14,16],[13,14,19],[15,17,21],[16,17,24],[18,20,22],[19,20,25],[21,23,26],[22,23,27]])
SimplicialSurfaceByDownwardIncidenceNC([[1,7],[1,8],[1,10],[1,11],[2,3],[2,4],[2,5],[2,6],[3,5],[3,6],[3,7],[4,5],[4,6],[4,8],[5,7],[5,8],[5,9],[6,7],[6,8],[6,10],[7,9],[7,10],[7,11],[8,9],[8,10],[8,11],[9,11]],[[1,3,22],[1,4,23],[2,3,25],[2,4,26],[5,7,9],[5,8,10],[6,7,12],[6,8,13],[9,11,15],[10,11,18],[12,14,16],[13,14,19],[15,17,21],[16,17,24],[18,20,22],[19,20,25],[21,23,27],[24,26,27]])
SimplicialSurfaceByDownwardIncidenceNC([[1,7],[1,8],[1,9],[1,10],[2,3],[2,4],[2,5],[2,6],[2,11],[3,6],[3,7],[3,11],[4,5],[4,6],[4,8],[5,7],[5,8],[5,9],[5,11],[6,7],[6,8],[6,10],[7,9],[7,10],[7,11],[8,9],[8,10]],[[1,3,23],[1,4,24],[2,3,26],[2,4,27],[5,8,10],[5,9,12],[6,7,13],[6,8,14],[7,9,19],[10,11,20],[11,12,25],[13,15,17],[14,15,21],[16,18,23],[16,19,25],[17,18,26],[20,22,24],[21,22,27]])
SimplicialSurfaceByDownwardIncidenceNC([[1,7],[1,8],[1,9],[1,10],[2,3],[2,4],[2,5],[2,6],[3,5],[3,6],[3,7],[3,11],[4,5],[4,6],[4,8],[5,8],[5,9],[5,11],[6,7],[6,8],[6,10],[7,9],[7,10],[7,11],[8,9],[8,10],[9,11]],[[1,3,22],[1,4,23],[2,3,25],[2,4,26],[5,7,9],[5,8,10],[6,7,13],[6,8,14],[9,12,18],[10,11,19],[11,12,24],[13,15,16],[14,15,20],[16,17,25],[17,18,27],[19,21,23],[20,21,26],[22,24,27]])
SimplicialSurfaceByDownwardIncidenceNC([[1,8],[1,9],[1,10],[1,11],[2,3],[2,4],[2,5],[2,6],[3,5],[3,6],[3,7],[4,5],[4,6],[4,8],[5,7],[5,8],[5,9],[6,7],[6,8],[6,10],[6,11],[7,9],[7,10],[8,9],[8,11],[9,10],[10,11]],[[1,2,24],[1,4,25],[2,3,26],[3,4,27],[5,7,9],[5,8,10],[6,7,12],[6,8,13],[9,11,15],[10,11,18],[12,14,16],[13,14,19],[15,17,22],[16,17,24],[18,20,23],[19,21,25],[20,21,27],[22,23,26]])
SimplicialSurfaceByDownwardIncidenceNC([[1,6],[1,9],[1,10],[1,11],[2,3],[2,4],[2,5],[2,6],[3,5],[3,6],[3,7],[4,5],[4,6],[4,8],[5,7],[5,8],[5,9],[6,7],[6,8],[6,10],[6,11],[7,9],[7,10],[8,9],[8,11],[9,10],[9,11]],[[1,3,20],[1,4,21],[2,3,26],[2,4,27],[5,7,9],[5,8,10],[6,7,12],[6,8,13],[9,11,15],[10,11,18],[12,14,16],[13,14,19],[15,17,22],[16,17,24],[18,20,23],[19,21,25],[22,23,26],[24,25,27]])
SimplicialSurfaceByDownwardIncidenceNC([[1,6],[1,8],[1,9],[1,10],[2,4],[2,5],[2,6],[2,11],[3,5],[3,6],[3,7],[3,11],[4,5],[4,6],[4,8],[5,7],[5,8],[5,9],[5,11],[6,7],[6,8],[6,10],[6,11],[7,9],[7,10],[8,9],[9,10]],[[1,2,21],[1,4,22],[2,3,26],[3,4,27],[5,6,13],[5,7,14],[6,8,19],[7,8,23],[9,11,16],[9,12,19],[10,11,20],[10,12,23],[13,15,17],[14,15,21],[16,18,24],[17,18,26],[20,22,25],[24,25,27]])
SimplicialSurfaceByDownwardIncidenceNC([[1,6],[1,8],[1,9],[1,10],[2,3],[2,4],[2,6],[2,11],[3,5],[3,6],[3,7],[3,11],[4,5],[4,6],[4,8],[4,11],[5,7],[5,8],[5,9],[5,11],[6,7],[6,8],[6,10],[7,9],[7,10],[8,9],[9,10]],[[1,2,22],[1,4,23],[2,3,26],[3,4,27],[5,7,10],[5,8,12],[6,7,14],[6,8,16],[9,11,17],[9,12,20],[10,11,21],[13,15,18],[13,16,20],[14,15,22],[17,19,24],[18,19,26],[21,23,25],[24,25,27]])
SimplicialSurfaceByDownwardIncidenceNC([[1,6],[1,8],[1,9],[1,10],[2,3],[2,4],[2,5],[2,6],[2,11],[3,6],[3,7],[3,11],[4,5],[4,6],[4,8],[5,7],[5,8],[5,9],[5,11],[6,7],[6,8],[6,10],[7,9],[7,10],[7,11],[8,9],[9,10]],[[1,2,21],[1,4,22],[2,3,26],[3,4,27],[5,8,10],[5,9,12],[6,7,13],[6,8,14],[7,9,19],[10,11,20],[11,12,25],[13,15,17],[14,15,21],[16,18,23],[16,19,25],[17,18,26],[20,22,24],[23,24,27]])
SimplicialSurfaceByDownwardIncidenceNC([[1,6],[1,8],[1,9],[1,10],[2,3],[2,4],[2,5],[2,6],[3,5],[3,6],[3,7],[3,11],[4,5],[4,6],[4,8],[5,8],[5,9],[5,11],[6,7],[6,8],[6,10],[7,9],[7,10],[7,11],[8,9],[9,10],[9,11]],[[1,2,20],[1,4,21],[2,3,25],[3,4,26],[5,7,9],[5,8,10],[6,7,13],[6,8,14],[9,12,18],[10,11,19],[11,12,24],[13,15,16],[14,15,20],[16,17,25],[17,18,27],[19,21,23],[22,23,26],[22,24,27]])
SimplicialSurfaceByDownwardIncidenceNC([[1,6],[1,8],[1,9],[1,10],[2,3],[2,4],[2,5],[2,6],[3,5],[3,6],[3,7],[3,11],[4,5],[4,6],[4,8],[5,7],[5,8],[5,9],[6,8],[6,10],[6,11],[7,9],[7,10],[7,11],[8,9],[9,10],[10,11]],[[1,2,19],[1,4,20],[2,3,25],[3,4,26],[5,7,9],[5,8,10],[6,7,13],[6,8,14],[9,11,16],[10,12,21],[11,12,24],[13,15,17],[14,15,19],[16,18,22],[17,18,25],[20,21,27],[22,23,26],[23,24,27]])
SimplicialSurfaceByDownwardIncidenceNC([[1,6],[1,8],[1,9],[1,10],[2,3],[2,4],[2,5],[2,6],[3,5],[3,6],[3,7],[4,5],[4,6],[4,8],[5,7],[5,8],[5,9],[5,11],[6,7],[6,8],[6,10],[7,10],[7,11],[8,9],[9,10],[9,11],[10,11]],[[1,2,20],[1,4,21],[2,3,24],[3,4,25],[5,7,9],[5,8,10],[6,7,12],[6,8,13],[9,11,15],[10,11,19],[12,14,16],[13,14,20],[15,18,23],[16,17,24],[17,18,26],[19,21,22],[22,23,27],[25,26,27]])
SimplicialSurfaceByDownwardIncidenceNC([[1,6],[1,7],[1,8],[1,9],[2,5],[2,6],[2,10],[2,11],[3,5],[3,6],[3,7],[3,10],[4,5],[4,6],[4,8],[4,11],[5,7],[5,8],[5,9],[5,10],[5,11],[6,7],[6,8],[6,10],[6,11],[7,9],[8,9]],[[1,2,22],[1,3,23],[2,4,26],[3,4,27],[5,7,20],[5,8,21],[6,7,24],[6,8,25],[9,11,17],[9,12,20],[10,11,22],[10,12,24],[13,15,18],[13,16,21],[14,15,23],[14,16,25],[17,19,26],[18,19,27]])
SimplicialSurfaceByDownwardIncidenceNC([[1,6],[1,7],[1,8],[1,9],[2,4],[2,6],[2,10],[2,11],[3,5],[3,6],[3,7],[3,10],[4,5],[4,6],[4,8],[4,11],[5,7],[5,8],[5,9],[5,10],[5,11],[6,7],[6,8],[6,10],[7,9],[8,9],[10,11]],[[1,2,22],[1,3,23],[2,4,25],[3,4,26],[5,6,14],[5,8,16],[6,7,24],[7,8,27],[9,11,17],[9,12,20],[10,11,22],[10,12,24],[13,15,18],[13,16,21],[14,15,23],[17,19,25],[18,19,26],[20,21,27]])
SimplicialSurfaceByDownwardIncidenceNC([[1,6],[1,7],[1,8],[1,9],[2,4],[2,5],[2,6],[2,10],[3,6],[3,7],[3,10],[3,11],[4,5],[4,6],[4,8],[5,7],[5,8],[5,9],[5,10],[5,11],[6,7],[6,8],[6,10],[7,9],[7,11],[8,9],[10,11]],[[1,2,21],[1,3,22],[2,4,24],[3,4,26],[5,6,13],[5,7,14],[6,8,19],[7,8,23],[9,10,21],[9,11,23],[10,12,25],[11,12,27],[13,15,17],[14,15,22],[16,18,24],[16,20,25],[17,18,26],[19,20,27]])
SimplicialSurfaceByDownwardIncidenceNC([[1,6],[1,7],[1,8],[1,9],[2,3],[2,4],[2,6],[2,10],[3,6],[3,7],[3,10],[3,11],[4,5],[4,6],[4,8],[4,10],[5,7],[5,8],[5,9],[5,10],[5,11],[6,7],[6,8],[7,9],[7,11],[8,9],[10,11]],[[1,2,22],[1,3,23],[2,4,24],[3,4,26],[5,7,9],[5,8,11],[6,7,14],[6,8,16],[9,10,22],[10,12,25],[11,12,27],[13,15,18],[13,16,20],[14,15,23],[17,19,24],[17,21,25],[18,19,26],[20,21,27]])
SimplicialSurfaceByDownwardIncidenceNC([[1,6],[1,7],[1,8],[1,9],[2,3],[2,4],[2,5],[2,6],[2,10],[2,11],[3,6],[3,7],[3,10],[4,6],[4,8],[4,11],[5,7],[5,8],[5,9],[5,10],[5,11],[6,7],[6,8],[7,9],[7,10],[8,9],[8,11]],[[1,2,22],[1,3,23],[2,4,24],[3,4,26],[5,8,11],[5,9,13],[6,8,14],[6,10,16],[7,9,20],[7,10,21],[11,12,22],[12,13,25],[14,15,23],[15,16,27],[17,19,24],[17,20,25],[18,19,26],[18,21,27]])
SimplicialSurfaceByDownwardIncidenceNC([[1,6],[1,7],[1,8],[1,9],[2,3],[2,4],[2,5],[2,6],[2,10],[3,6],[3,7],[3,10],[4,5],[4,6],[4,8],[5,8],[5,9],[5,10],[5,11],[6,7],[6,8],[7,9],[7,10],[7,11],[8,9],[9,11],[10,11]],[[1,2,20],[1,3,21],[2,4,22],[3,4,25],[5,8,10],[5,9,12],[6,7,13],[6,8,14],[7,9,18],[10,11,20],[11,12,23],[13,15,16],[14,15,21],[16,17,25],[17,19,26],[18,19,27],[22,24,26],[23,24,27]])
SimplicialSurfaceByDownwardIncidenceNC([[1,6],[1,7],[1,8],[1,9],[2,3],[2,4],[2,5],[2,6],[2,11],[3,6],[3,7],[3,10],[3,11],[4,5],[4,6],[4,8],[5,8],[5,9],[5,10],[5,11],[6,7],[6,8],[7,9],[7,10],[8,9],[9,10],[10,11]],[[1,2,21],[1,3,22],[2,4,23],[3,4,25],[5,8,10],[5,9,13],[6,7,14],[6,8,15],[7,9,20],[10,11,21],[11,12,24],[12,13,27],[14,16,17],[15,16,22],[17,18,25],[18,19,26],[19,20,27],[23,24,26]])
SimplicialSurfaceByDownwardIncidenceNC([[1,6],[1,7],[1,8],[1,9],[2,3],[2,4],[2,5],[2,6],[3,5],[3,6],[3,7],[3,10],[4,5],[4,6],[4,8],[5,8],[5,10],[5,11],[6,7],[6,8],[7,9],[7,10],[8,9],[8,11],[9,10],[9,11],[10,11]],[[1,2,19],[1,3,20],[2,4,21],[3,4,23],[5,7,9],[5,8,10],[6,7,13],[6,8,14],[9,12,17],[10,11,19],[11,12,22],[13,15,16],[14,15,20],[16,18,24],[17,18,27],[21,22,25],[23,24,26],[25,26,27]])
SimplicialSurfaceByDownwardIncidenceNC([[1,6],[1,7],[1,8],[1,9],[1,11],[2,3],[2,4],[2,5],[2,6],[3,5],[3,6],[3,7],[3,10],[4,5],[4,6],[4,8],[5,8],[5,9],[5,10],[6,7],[6,8],[7,10],[7,11],[8,9],[9,10],[9,11],[10,11]],[[1,2,20],[1,3,21],[2,5,23],[3,4,24],[4,5,26],[6,8,10],[6,9,11],[7,8,14],[7,9,15],[10,13,19],[11,12,20],[12,13,22],[14,16,17],[15,16,21],[17,18,24],[18,19,25],[22,23,27],[25,26,27]])
SimplicialSurfaceByDownwardIncidenceNC([[1,5],[1,6],[1,10],[1,11],[2,3],[2,4],[2,5],[2,6],[3,5],[3,6],[3,7],[4,5],[4,6],[4,8],[5,7],[5,8],[5,9],[5,10],[5,11],[6,7],[6,8],[6,9],[6,10],[6,11],[7,9],[8,10],[9,11]],[[1,3,18],[1,4,19],[2,3,23],[2,4,24],[5,7,9],[5,8,10],[6,7,12],[6,8,13],[9,11,15],[10,11,20],[12,14,16],[13,14,21],[15,17,25],[16,18,26],[17,19,27],[20,22,25],[21,23,26],[22,24,27]])
SimplicialSurfaceByDownwardIncidenceNC([[1,8],[1,9],[1,10],[1,11],[2,3],[2,4],[2,5],[2,6],[3,5],[3,6],[3,7],[4,5],[4,6],[4,8],[4,9],[5,7],[5,8],[6,7],[6,9],[6,10],[7,8],[7,10],[7,11],[8,9],[8,11],[9,10],[10,11]],[[1,2,24],[1,4,25],[2,3,26],[3,4,27],[5,7,9],[5,8,10],[6,7,12],[6,8,13],[9,11,16],[10,11,18],[12,14,17],[13,15,19],[14,15,24],[16,17,21],[18,20,22],[19,20,26],[21,23,25],[22,23,27]])
SimplicialSurfaceByDownwardIncidenceNC([[1,7],[1,8],[1,9],[1,10],[2,3],[2,4],[2,5],[2,6],[2,11],[3,6],[3,7],[3,11],[4,5],[4,6],[4,8],[4,9],[5,7],[5,8],[5,11],[6,7],[6,9],[6,10],[7,8],[7,10],[7,11],[8,9],[9,10]],[[1,2,23],[1,4,24],[2,3,26],[3,4,27],[5,8,10],[5,9,12],[6,7,13],[6,8,14],[7,9,19],[10,11,20],[11,12,25],[13,15,18],[14,16,21],[15,16,26],[17,18,23],[17,19,25],[20,22,24],[21,22,27]])
SimplicialSurfaceByDownwardIncidenceNC([[1,6],[1,7],[1,8],[1,9],[2,3],[2,4],[2,5],[2,10],[2,11],[3,5],[3,6],[3,7],[3,11],[4,5],[4,8],[4,9],[4,10],[5,7],[5,8],[6,7],[6,9],[6,10],[6,11],[7,8],[8,9],[9,10],[10,11]],[[1,2,20],[1,4,21],[2,3,24],[3,4,25],[5,7,10],[5,9,13],[6,7,14],[6,8,17],[8,9,27],[10,12,18],[11,12,20],[11,13,23],[14,15,19],[15,16,25],[16,17,26],[18,19,24],[21,22,26],[22,23,27]])
