Icosahedron()
SimplicialSurfaceByDownwardIncidenceNC([[1,9],[1,10],[1,11],[1,12],[2,3],[2,4],[2,5],[2,6],[3,5],[3,6],[3,7],[4,5],[4,6],[4,8],[5,7],[5,8],[5,9],[6,7],[6,8],[6,10],[7,9],[7,10],[7,11],[8,9],[8,10],[8,12],[9,11],[9,12],[10,11],[10,12]],[[1,3,27],[1,4,28],[2,3,29],[2,4,30],[5,7,9],[5,8,10],[6,7,12],[6,8,13],[9,11,15],[10,11,18],[12,14,16],[13,14,19],[15,17,21],[16,17,24],[18,20,22],[19,20,25],[21,23,27],[22,23,29],[24,26,28],[25,26,30]])
SimplicialSurfaceByDownwardIncidenceNC([[1,8],[1,10],[1,11],[1,12],[2,3],[2,4],[2,5],[2,6],[3,5],[3,6],[3,7],[4,5],[4,6],[4,8],[5,7],[5,8],[5,9],[6,7],[6,8],[6,10],[7,9],[7,10],[7,11],[8,9],[8,10],[8,12],[9,11],[9,12],[10,11],[11,12]],[[1,2,25],[1,4,26],[2,3,29],[3,4,30],[5,7,9],[5,8,10],[6,7,12],[6,8,13],[9,11,15],[10,11,18],[12,14,16],[13,14,19],[15,17,21],[16,17,24],[18,20,22],[19,20,25],[21,23,27],[22,23,29],[24,26,28],[27,28,30]])
SimplicialSurfaceByDownwardIncidenceNC([[1,8],[1,9],[1,10],[1,11],[2,4],[2,5],[2,6],[2,12],[3,5],[3,6],[3,7],[3,12],[4,5],[4,6],[4,8],[5,7],[5,8],[5,9],[5,12],[6,7],[6,8],[6,10],[6,12],[7,9],[7,10],[7,11],[8,9],[8,10],[9,11],[10,11]],[[1,2,27],[1,3,28],[2,4,29],[3,4,30],[5,6,13],[5,7,14],[6,8,19],[7,8,23],[9,11,16],[9,12,19],[10,11,20],[10,12,23],[13,15,17],[14,15,21],[16,18,24],[17,18,27],[20,22,25],[21,22,28],[24,26,29],[25,26,30]])
SimplicialSurfaceByDownwardIncidenceNC([[1,8],[1,9],[1,10],[1,11],[2,3],[2,4],[2,6],[2,12],[3,5],[3,6],[3,7],[3,12],[4,5],[4,6],[4,8],[4,12],[5,7],[5,8],[5,9],[5,12],[6,7],[6,8],[6,10],[7,9],[7,10],[7,11],[8,9],[8,10],[9,11],[10,11]],[[1,2,27],[1,3,28],[2,4,29],[3,4,30],[5,7,10],[5,8,12],[6,7,14],[6,8,16],[9,11,17],[9,12,20],[10,11,21],[13,15,18],[13,16,20],[14,15,22],[17,19,24],[18,19,27],[21,23,25],[22,23,28],[24,26,29],[25,26,30]])
SimplicialSurfaceByDownwardIncidenceNC([[1,8],[1,9],[1,10],[1,11],[2,3],[2,4],[2,5],[2,6],[2,12],[3,6],[3,7],[3,12],[4,5],[4,6],[4,8],[5,7],[5,8],[5,9],[5,12],[6,7],[6,8],[6,10],[7,9],[7,10],[7,11],[7,12],[8,9],[8,10],[9,11],[10,11]],[[1,2,27],[1,3,28],[2,4,29],[3,4,30],[5,8,10],[5,9,12],[6,7,13],[6,8,14],[7,9,19],[10,11,20],[11,12,26],[13,15,17],[14,15,21],[16,18,23],[16,19,26],[17,18,27],[20,22,24],[21,22,28],[23,25,29],[24,25,30]])
SimplicialSurfaceByDownwardIncidenceNC([[1,8],[1,9],[1,10],[1,11],[2,3],[2,4],[2,5],[2,6],[3,5],[3,6],[3,7],[3,12],[4,5],[4,6],[4,8],[5,8],[5,9],[5,12],[6,7],[6,8],[6,10],[7,9],[7,10],[7,11],[7,12],[8,9],[8,10],[9,11],[9,12],[10,11]],[[1,2,26],[1,3,27],[2,4,28],[3,4,30],[5,7,9],[5,8,10],[6,7,13],[6,8,14],[9,12,18],[10,11,19],[11,12,25],[13,15,16],[14,15,20],[16,17,26],[17,18,29],[19,21,23],[20,21,27],[22,24,28],[22,25,29],[23,24,30]])
SimplicialSurfaceByDownwardIncidenceNC([[1,8],[1,9],[1,10],[1,11],[2,3],[2,4],[2,5],[2,6],[3,5],[3,6],[3,7],[4,5],[4,6],[4,8],[5,7],[5,8],[5,12],[6,7],[6,8],[6,10],[7,9],[7,10],[7,11],[7,12],[8,9],[8,10],[8,12],[9,11],[9,12],[10,11]],[[1,2,25],[1,3,26],[2,4,28],[3,4,30],[5,7,9],[5,8,10],[6,7,12],[6,8,13],[9,11,15],[10,11,18],[12,14,16],[13,14,19],[15,17,24],[16,17,27],[18,20,22],[19,20,26],[21,23,28],[21,24,29],[22,23,30],[25,27,29]])
SimplicialSurfaceByDownwardIncidenceNC([[1,8],[1,9],[1,10],[1,11],[2,3],[2,4],[2,5],[2,6],[3,5],[3,6],[3,7],[4,5],[4,6],[4,8],[5,7],[5,8],[5,9],[5,12],[6,7],[6,8],[6,10],[7,10],[7,11],[7,12],[8,9],[8,10],[9,11],[9,12],[10,11],[11,12]],[[1,2,25],[1,3,26],[2,4,27],[3,4,29],[5,7,9],[5,8,10],[6,7,12],[6,8,13],[9,11,15],[10,11,19],[12,14,16],[13,14,20],[15,18,24],[16,17,25],[17,18,28],[19,21,22],[20,21,26],[22,23,29],[23,24,30],[27,28,30]])
SimplicialSurfaceByDownwardIncidenceNC([[1,7],[1,8],[1,11],[1,12],[2,3],[2,4],[2,5],[2,6],[3,5],[3,6],[3,7],[4,5],[4,6],[4,8],[5,7],[5,8],[5,9],[6,7],[6,8],[6,10],[7,9],[7,10],[7,11],[7,12],[8,9],[8,10],[8,11],[8,12],[9,11],[10,12]],[[1,3,23],[1,4,24],[2,3,27],[2,4,28],[5,7,9],[5,8,10],[6,7,12],[6,8,13],[9,11,15],[10,11,18],[12,14,16],[13,14,19],[15,17,21],[16,17,25],[18,20,22],[19,20,26],[21,23,29],[22,24,30],[25,27,29],[26,28,30]])
SimplicialSurfaceByDownwardIncidenceNC([[1,7],[1,8],[1,10],[1,11],[2,4],[2,5],[2,6],[2,12],[3,5],[3,6],[3,7],[3,12],[4,5],[4,6],[4,8],[5,7],[5,8],[5,9],[5,12],[6,7],[6,8],[6,10],[6,12],[7,9],[7,10],[7,11],[8,9],[8,10],[8,11],[9,11]],[[1,3,25],[1,4,26],[2,3,28],[2,4,29],[5,6,13],[5,7,14],[6,8,19],[7,8,23],[9,11,16],[9,12,19],[10,11,20],[10,12,23],[13,15,17],[14,15,21],[16,18,24],[17,18,27],[20,22,25],[21,22,28],[24,26,30],[27,29,30]])
SimplicialSurfaceByDownwardIncidenceNC([[1,7],[1,8],[1,10],[1,11],[2,3],[2,4],[2,5],[2,6],[2,12],[3,6],[3,7],[3,12],[4,5],[4,6],[4,8],[5,7],[5,8],[5,9],[5,12],[6,7],[6,8],[6,10],[7,9],[7,10],[7,11],[7,12],[8,9],[8,10],[8,11],[9,11]],[[1,3,24],[1,4,25],[2,3,28],[2,4,29],[5,8,10],[5,9,12],[6,7,13],[6,8,14],[7,9,19],[10,11,20],[11,12,26],[13,15,17],[14,15,21],[16,18,23],[16,19,26],[17,18,27],[20,22,24],[21,22,28],[23,25,30],[27,29,30]])
SimplicialSurfaceByDownwardIncidenceNC([[1,7],[1,8],[1,10],[1,11],[2,3],[2,4],[2,5],[2,6],[3,5],[3,6],[3,7],[3,12],[4,5],[4,6],[4,8],[5,8],[5,9],[5,12],[6,7],[6,8],[6,10],[7,9],[7,10],[7,11],[7,12],[8,9],[8,10],[8,11],[9,11],[9,12]],[[1,3,23],[1,4,24],[2,3,27],[2,4,28],[5,7,9],[5,8,10],[6,7,13],[6,8,14],[9,12,18],[10,11,19],[11,12,25],[13,15,16],[14,15,20],[16,17,26],[17,18,30],[19,21,23],[20,21,27],[22,24,29],[22,25,30],[26,28,29]])
SimplicialSurfaceByDownwardIncidenceNC([[1,7],[1,8],[1,10],[1,11],[2,3],[2,4],[2,5],[2,6],[3,5],[3,6],[3,7],[4,5],[4,6],[4,8],[5,7],[5,8],[5,9],[5,12],[6,7],[6,8],[6,10],[7,10],[7,11],[7,12],[8,9],[8,10],[8,11],[9,11],[9,12],[11,12]],[[1,3,22],[1,4,23],[2,3,26],[2,4,27],[5,7,9],[5,8,10],[6,7,12],[6,8,13],[9,11,15],[10,11,19],[12,14,16],[13,14,20],[15,18,24],[16,17,25],[17,18,29],[19,21,22],[20,21,26],[23,24,30],[25,27,28],[28,29,30]])
SimplicialSurfaceByDownwardIncidenceNC([[1,7],[1,8],[1,9],[1,10],[2,4],[2,5],[2,6],[2,11],[2,12],[3,6],[3,7],[3,11],[3,12],[4,5],[4,6],[4,8],[5,7],[5,8],[5,9],[5,11],[6,7],[6,8],[6,10],[6,12],[7,9],[7,10],[7,11],[8,9],[8,10],[11,12]],[[1,3,25],[1,4,26],[2,3,28],[2,4,29],[5,6,14],[5,7,15],[6,8,20],[7,9,24],[8,9,30],[10,11,21],[10,13,24],[11,12,27],[12,13,30],[14,16,18],[15,16,22],[17,19,25],[17,20,27],[18,19,28],[21,23,26],[22,23,29]])
SimplicialSurfaceByDownwardIncidenceNC([[1,7],[1,8],[1,9],[1,10],[2,3],[2,4],[2,5],[2,6],[2,11],[2,12],[3,7],[3,11],[3,12],[4,5],[4,6],[4,8],[5,7],[5,8],[5,9],[5,11],[6,7],[6,8],[6,10],[6,12],[7,9],[7,10],[7,11],[7,12],[8,9],[8,10]],[[1,3,25],[1,4,26],[2,3,29],[2,4,30],[5,9,12],[5,10,13],[6,7,14],[6,8,15],[7,9,20],[8,10,24],[11,12,27],[11,13,28],[14,16,18],[15,16,22],[17,19,25],[17,20,27],[18,19,29],[21,23,26],[21,24,28],[22,23,30]])
SimplicialSurfaceByDownwardIncidenceNC([[1,7],[1,8],[1,9],[1,10],[2,3],[2,4],[2,5],[2,6],[2,11],[2,12],[3,6],[3,7],[3,11],[4,6],[4,8],[4,12],[5,7],[5,8],[5,9],[5,11],[5,12],[6,7],[6,8],[6,10],[7,9],[7,10],[7,11],[8,9],[8,10],[8,12]],[[1,3,25],[1,4,26],[2,3,28],[2,4,29],[5,8,11],[5,9,13],[6,8,14],[6,10,16],[7,9,20],[7,10,21],[11,12,22],[12,13,27],[14,15,23],[15,16,30],[17,19,25],[17,20,27],[18,19,28],[18,21,30],[22,24,26],[23,24,29]])
SimplicialSurfaceByDownwardIncidenceNC([[1,7],[1,8],[1,9],[1,10],[2,3],[2,4],[2,5],[2,6],[2,11],[3,6],[3,7],[3,11],[4,5],[4,6],[4,8],[5,8],[5,9],[5,11],[5,12],[6,7],[6,8],[6,10],[7,9],[7,10],[7,11],[7,12],[8,9],[8,10],[9,12],[11,12]],[[1,3,23],[1,4,24],[2,3,27],[2,4,28],[5,8,10],[5,9,12],[6,7,13],[6,8,14],[7,9,18],[10,11,20],[11,12,25],[13,15,16],[14,15,21],[16,17,27],[17,19,29],[18,19,30],[20,22,24],[21,22,28],[23,26,29],[25,26,30]])
SimplicialSurfaceByDownwardIncidenceNC([[1,7],[1,8],[1,9],[1,10],[2,3],[2,4],[2,5],[2,6],[2,11],[3,6],[3,7],[3,11],[4,5],[4,6],[4,8],[4,12],[5,7],[5,9],[5,11],[5,12],[6,7],[6,8],[6,10],[7,9],[7,10],[7,11],[8,9],[8,10],[8,12],[9,12]],[[1,3,24],[1,4,25],[2,3,27],[2,4,28],[5,8,10],[5,9,12],[6,7,13],[6,8,14],[7,9,19],[10,11,21],[11,12,26],[13,16,20],[14,15,22],[15,16,29],[17,18,24],[17,19,26],[18,20,30],[21,23,25],[22,23,28],[27,29,30]])
SimplicialSurfaceByDownwardIncidenceNC([[1,7],[1,8],[1,9],[1,10],[1,12],[2,3],[2,4],[2,5],[2,6],[2,11],[3,6],[3,7],[3,11],[4,5],[4,6],[4,8],[5,7],[5,8],[5,9],[5,11],[5,12],[6,7],[6,8],[6,10],[7,10],[7,11],[7,12],[8,9],[8,10],[9,12]],[[1,4,25],[1,5,27],[2,3,28],[2,4,29],[3,5,30],[6,9,11],[6,10,13],[7,8,14],[7,9,15],[8,10,20],[11,12,22],[12,13,26],[14,16,18],[15,16,23],[17,20,26],[17,21,27],[18,19,28],[19,21,30],[22,24,25],[23,24,29]])
SimplicialSurfaceByDownwardIncidenceNC([[1,7],[1,8],[1,9],[1,10],[2,3],[2,4],[2,5],[2,6],[2,12],[3,6],[3,7],[3,11],[3,12],[4,5],[4,6],[4,8],[5,8],[5,9],[5,11],[5,12],[6,7],[6,8],[6,10],[7,9],[7,10],[7,11],[8,9],[8,10],[9,11],[11,12]],[[1,3,24],[1,4,25],[2,3,27],[2,4,28],[5,8,10],[5,9,13],[6,7,14],[6,8,15],[7,9,20],[10,11,21],[11,12,26],[12,13,30],[14,16,17],[15,16,22],[17,18,27],[18,19,29],[19,20,30],[21,23,25],[22,23,28],[24,26,29]])
SimplicialSurfaceByDownwardIncidenceNC([[1,7],[1,8],[1,9],[1,10],[2,3],[2,4],[2,5],[2,6],[3,5],[3,6],[3,11],[3,12],[4,5],[4,6],[4,8],[5,8],[5,9],[5,11],[6,7],[6,8],[6,10],[6,12],[7,9],[7,10],[7,11],[7,12],[8,9],[8,10],[9,11],[11,12]],[[1,3,23],[1,4,24],[2,3,27],[2,4,28],[5,7,9],[5,8,10],[6,7,13],[6,8,14],[9,11,18],[10,12,22],[11,12,30],[13,15,16],[14,15,20],[16,17,27],[17,18,29],[19,21,24],[19,22,26],[20,21,28],[23,25,29],[25,26,30]])
SimplicialSurfaceByDownwardIncidenceNC([[1,7],[1,8],[1,9],[1,10],[2,3],[2,4],[2,5],[2,6],[3,5],[3,6],[3,7],[3,12],[4,5],[4,6],[4,8],[5,8],[5,9],[5,11],[5,12],[6,7],[6,8],[6,10],[7,9],[7,10],[7,11],[7,12],[8,9],[8,10],[9,11],[11,12]],[[1,3,23],[1,4,24],[2,3,27],[2,4,28],[5,7,9],[5,8,10],[6,7,13],[6,8,14],[9,12,19],[10,11,20],[11,12,26],[13,15,16],[14,15,21],[16,17,27],[17,18,29],[18,19,30],[20,22,24],[21,22,28],[23,25,29],[25,26,30]])
SimplicialSurfaceByDownwardIncidenceNC([[1,7],[1,8],[1,9],[1,10],[2,3],[2,4],[2,5],[2,6],[3,5],[3,6],[3,7],[3,11],[4,5],[4,6],[4,8],[4,12],[5,9],[5,11],[5,12],[6,7],[6,8],[6,10],[7,9],[7,10],[7,11],[8,9],[8,10],[8,12],[9,11],[9,12]],[[1,3,23],[1,4,24],[2,3,26],[2,4,27],[5,7,9],[5,8,10],[6,7,13],[6,8,14],[9,12,18],[10,11,20],[11,12,25],[13,16,19],[14,15,21],[15,16,28],[17,18,29],[17,19,30],[20,22,24],[21,22,27],[23,25,29],[26,28,30]])
SimplicialSurfaceByDownwardIncidenceNC([[1,7],[1,8],[1,9],[1,10],[2,3],[2,4],[2,5],[2,6],[3,5],[3,6],[3,7],[3,11],[3,12],[4,5],[4,6],[4,8],[5,8],[5,9],[5,12],[6,7],[6,8],[6,10],[7,9],[7,10],[7,11],[8,9],[8,10],[9,11],[9,12],[11,12]],[[1,3,23],[1,4,24],[2,3,26],[2,4,27],[5,7,9],[5,8,10],[6,7,14],[6,8,15],[9,13,19],[10,11,20],[11,12,25],[12,13,30],[14,16,17],[15,16,21],[17,18,26],[18,19,29],[20,22,24],[21,22,27],[23,25,28],[28,29,30]])
SimplicialSurfaceByDownwardIncidenceNC([[1,7],[1,8],[1,9],[1,10],[2,3],[2,4],[2,5],[2,6],[3,5],[3,6],[3,7],[3,11],[4,5],[4,6],[4,8],[4,12],[5,8],[5,9],[5,11],[6,7],[6,10],[6,12],[7,9],[7,10],[7,11],[8,9],[8,10],[8,12],[9,11],[10,12]],[[1,3,23],[1,4,24],[2,3,26],[2,4,27],[5,7,9],[5,8,10],[6,7,13],[6,8,14],[9,12,19],[10,11,20],[11,12,25],[13,15,17],[14,16,22],[15,16,28],[17,18,26],[18,19,29],[20,21,24],[21,22,30],[23,25,29],[27,28,30]])
SimplicialSurfaceByDownwardIncidenceNC([[1,8],[1,9],[1,10],[1,11],[2,3],[2,4],[2,5],[2,6],[3,5],[3,6],[3,7],[4,5],[4,6],[4,8],[5,7],[5,8],[5,9],[6,7],[6,8],[6,10],[6,12],[7,9],[7,10],[8,9],[8,11],[8,12],[9,10],[10,11],[10,12],[11,12]],[[1,2,24],[1,4,25],[2,3,27],[3,4,28],[5,7,9],[5,8,10],[6,7,12],[6,8,13],[9,11,15],[10,11,18],[12,14,16],[13,14,19],[15,17,22],[16,17,24],[18,20,23],[19,21,26],[20,21,29],[22,23,27],[25,26,30],[28,29,30]])
SimplicialSurfaceByDownwardIncidenceNC([[1,8],[1,9],[1,10],[1,11],[2,3],[2,4],[2,5],[2,6],[3,5],[3,6],[3,7],[4,5],[4,6],[4,8],[5,7],[5,8],[5,9],[6,7],[6,8],[6,10],[6,11],[6,12],[7,9],[7,12],[8,9],[8,11],[9,10],[9,12],[10,11],[10,12]],[[1,2,25],[1,4,26],[2,3,27],[3,4,29],[5,7,9],[5,8,10],[6,7,12],[6,8,13],[9,11,15],[10,11,18],[12,14,16],[13,14,19],[15,17,23],[16,17,25],[18,22,24],[19,21,26],[20,21,29],[20,22,30],[23,24,28],[27,28,30]])
SimplicialSurfaceByDownwardIncidenceNC([[1,8],[1,9],[1,10],[1,11],[2,3],[2,4],[2,5],[2,6],[3,5],[3,6],[3,7],[4,5],[4,6],[4,8],[4,12],[5,7],[5,8],[5,9],[6,7],[6,10],[6,11],[6,12],[7,9],[7,10],[8,9],[8,11],[8,12],[9,10],[10,11],[11,12]],[[1,2,25],[1,4,26],[2,3,28],[3,4,29],[5,7,9],[5,8,10],[6,7,12],[6,8,13],[9,11,16],[10,11,19],[12,14,17],[13,15,22],[14,15,27],[16,18,23],[17,18,25],[19,20,24],[20,21,29],[21,22,30],[23,24,28],[26,27,30]])
SimplicialSurfaceByDownwardIncidenceNC([[1,8],[1,9],[1,10],[1,11],[2,3],[2,4],[2,5],[2,6],[3,5],[3,6],[3,7],[4,5],[4,6],[4,8],[4,12],[5,7],[5,9],[5,12],[6,7],[6,8],[6,10],[6,11],[7,9],[7,10],[8,9],[8,11],[8,12],[9,10],[9,12],[10,11]],[[1,2,25],[1,4,26],[2,3,28],[3,4,30],[5,7,9],[5,8,10],[6,7,12],[6,8,13],[9,11,16],[10,11,19],[12,15,18],[13,14,20],[14,15,27],[16,17,23],[17,18,29],[19,21,24],[20,22,26],[21,22,30],[23,24,28],[25,27,29]])
SimplicialSurfaceByDownwardIncidenceNC([[1,8],[1,9],[1,10],[1,11],[2,3],[2,4],[2,5],[2,6],[3,5],[3,6],[3,7],[4,5],[4,6],[4,12],[5,7],[5,8],[5,9],[5,12],[6,7],[6,8],[6,10],[6,11],[6,12],[7,9],[7,10],[8,9],[8,11],[8,12],[9,10],[10,11]],[[1,2,26],[1,4,27],[2,3,29],[3,4,30],[5,7,9],[5,8,10],[6,7,12],[6,8,13],[9,11,15],[10,11,19],[12,14,18],[13,14,23],[15,17,24],[16,17,26],[16,18,28],[19,21,25],[20,22,27],[20,23,28],[21,22,30],[24,25,29]])
SimplicialSurfaceByDownwardIncidenceNC([[1,8],[1,9],[1,10],[1,11],[2,3],[2,4],[2,5],[2,6],[3,5],[3,6],[3,7],[3,12],[4,5],[4,6],[4,8],[5,8],[5,9],[5,12],[6,7],[6,8],[6,10],[6,11],[7,9],[7,10],[7,12],[8,9],[8,11],[9,10],[9,12],[10,11]],[[1,2,26],[1,4,27],[2,3,28],[3,4,30],[5,7,9],[5,8,10],[6,7,13],[6,8,14],[9,12,18],[10,11,19],[11,12,25],[13,15,16],[14,15,20],[16,17,26],[17,18,29],[19,21,24],[20,22,27],[21,22,30],[23,24,28],[23,25,29]])
SimplicialSurfaceByDownwardIncidenceNC([[1,8],[1,9],[1,10],[1,11],[2,3],[2,4],[2,5],[2,6],[2,12],[3,5],[3,6],[3,7],[4,5],[4,8],[4,12],[5,7],[5,8],[5,9],[6,7],[6,8],[6,10],[6,11],[6,12],[7,9],[7,10],[8,9],[8,11],[8,12],[9,10],[10,11]],[[1,2,26],[1,4,27],[2,3,29],[3,4,30],[5,7,10],[5,8,11],[6,7,13],[6,9,15],[8,9,23],[10,12,16],[11,12,19],[13,14,17],[14,15,28],[16,18,24],[17,18,26],[19,21,25],[20,22,27],[20,23,28],[21,22,30],[24,25,29]])
SimplicialSurfaceByDownwardIncidenceNC([[1,8],[1,9],[1,10],[1,11],[2,3],[2,4],[2,5],[2,6],[2,12],[3,5],[3,7],[3,12],[4,5],[4,6],[4,8],[5,7],[5,8],[5,9],[6,7],[6,8],[6,10],[6,11],[6,12],[7,9],[7,10],[7,12],[8,9],[8,11],[9,10],[10,11]],[[1,2,27],[1,4,28],[2,3,29],[3,4,30],[5,7,10],[5,9,12],[6,7,13],[6,8,14],[8,9,23],[10,11,16],[11,12,26],[13,15,17],[14,15,20],[16,18,24],[17,18,27],[19,21,25],[19,23,26],[20,22,28],[21,22,30],[24,25,29]])
SimplicialSurfaceByDownwardIncidenceNC([[1,8],[1,9],[1,10],[1,11],[2,3],[2,4],[2,5],[2,12],[3,5],[3,6],[3,7],[3,12],[4,5],[4,6],[4,8],[4,12],[5,7],[5,8],[5,9],[6,7],[6,8],[6,10],[6,11],[6,12],[7,9],[7,10],[8,9],[8,11],[9,10],[10,11]],[[1,2,27],[1,4,28],[2,3,29],[3,4,30],[5,7,9],[5,8,12],[6,7,13],[6,8,16],[9,11,17],[10,11,20],[10,12,24],[13,15,18],[14,15,21],[14,16,24],[17,19,25],[18,19,27],[20,22,26],[21,23,28],[22,23,30],[25,26,29]])
SimplicialSurfaceByDownwardIncidenceNC([[1,8],[1,9],[1,10],[1,11],[1,12],[2,3],[2,4],[2,5],[2,6],[3,5],[3,6],[3,7],[4,5],[4,6],[4,8],[5,7],[5,8],[5,9],[6,7],[6,8],[6,10],[6,11],[6,12],[7,9],[7,10],[8,9],[8,11],[9,10],[10,12],[11,12]],[[1,2,26],[1,4,27],[2,3,28],[3,5,29],[4,5,30],[6,8,10],[6,9,11],[7,8,13],[7,9,14],[10,12,16],[11,12,19],[13,15,17],[14,15,20],[16,18,24],[17,18,26],[19,21,25],[20,22,27],[21,23,29],[22,23,30],[24,25,28]])
SimplicialSurfaceByDownwardIncidenceNC([[1,8],[1,9],[1,11],[1,12],[2,3],[2,4],[2,5],[2,6],[3,5],[3,6],[3,7],[4,5],[4,6],[4,8],[5,7],[5,8],[5,9],[6,7],[6,8],[6,10],[6,11],[7,9],[7,10],[8,9],[8,11],[9,10],[9,12],[10,11],[10,12],[11,12]],[[1,2,24],[1,3,25],[2,4,27],[3,4,30],[5,7,9],[5,8,10],[6,7,12],[6,8,13],[9,11,15],[10,11,18],[12,14,16],[13,14,19],[15,17,22],[16,17,24],[18,20,23],[19,21,25],[20,21,28],[22,23,26],[26,27,29],[28,29,30]])
SimplicialSurfaceByDownwardIncidenceNC([[1,8],[1,9],[1,10],[1,11],[1,12],[2,3],[2,4],[2,5],[2,6],[3,5],[3,6],[3,7],[4,5],[4,6],[4,8],[5,7],[5,8],[5,9],[5,12],[6,7],[6,8],[6,10],[6,11],[7,9],[7,10],[8,11],[8,12],[9,10],[9,12],[10,11]],[[1,4,26],[1,5,27],[2,3,28],[2,5,29],[3,4,30],[6,8,10],[6,9,11],[7,8,13],[7,9,14],[10,12,16],[11,12,20],[13,15,17],[14,15,21],[16,18,24],[17,19,27],[18,19,29],[20,22,25],[21,23,26],[22,23,30],[24,25,28]])
SimplicialSurfaceByDownwardIncidenceNC([[1,9],[1,10],[1,11],[1,12],[2,3],[2,4],[2,5],[2,6],[3,5],[3,6],[3,7],[4,5],[4,6],[4,8],[5,7],[5,8],[5,9],[6,7],[6,8],[6,10],[6,11],[6,12],[7,9],[7,10],[8,9],[8,11],[9,10],[9,11],[10,12],[11,12]],[[1,2,27],[1,3,28],[2,4,29],[3,4,30],[5,7,9],[5,8,10],[6,7,12],[6,8,13],[9,11,15],[10,11,18],[12,14,16],[13,14,19],[15,17,23],[16,17,25],[18,20,24],[19,21,26],[20,22,29],[21,22,30],[23,24,27],[25,26,28]])
SimplicialSurfaceByDownwardIncidenceNC([[1,6],[1,9],[1,11],[1,12],[2,3],[2,4],[2,5],[2,6],[3,5],[3,6],[3,7],[4,5],[4,6],[4,8],[5,7],[5,8],[5,9],[6,7],[6,8],[6,10],[6,11],[6,12],[7,9],[7,10],[8,9],[8,11],[9,10],[9,11],[9,12],[10,12]],[[1,3,21],[1,4,22],[2,3,28],[2,4,29],[5,7,9],[5,8,10],[6,7,12],[6,8,13],[9,11,15],[10,11,18],[12,14,16],[13,14,19],[15,17,23],[16,17,25],[18,20,24],[19,21,26],[20,22,30],[23,24,27],[25,26,28],[27,29,30]])
SimplicialSurfaceByDownwardIncidenceNC([[1,6],[1,9],[1,10],[1,11],[2,3],[2,4],[2,5],[2,6],[3,5],[3,6],[3,7],[3,12],[4,5],[4,6],[4,8],[5,8],[5,9],[5,12],[6,7],[6,8],[6,10],[6,11],[7,9],[7,10],[7,12],[8,9],[8,11],[9,10],[9,11],[9,12]],[[1,3,21],[1,4,22],[2,3,28],[2,4,29],[5,7,9],[5,8,10],[6,7,13],[6,8,14],[9,12,18],[10,11,19],[11,12,25],[13,15,16],[14,15,20],[16,17,26],[17,18,30],[19,21,24],[20,22,27],[23,24,28],[23,25,30],[26,27,29]])
SimplicialSurfaceByDownwardIncidenceNC([[1,6],[1,9],[1,10],[1,11],[2,3],[2,4],[2,5],[2,6],[3,5],[3,6],[3,7],[3,12],[4,5],[4,6],[4,8],[5,7],[5,8],[5,9],[6,8],[6,10],[6,11],[6,12],[7,9],[7,10],[7,12],[8,9],[8,11],[9,10],[9,11],[10,12]],[[1,3,20],[1,4,21],[2,3,28],[2,4,29],[5,7,9],[5,8,10],[6,7,13],[6,8,14],[9,11,16],[10,12,22],[11,12,25],[13,15,17],[14,15,19],[16,18,23],[17,18,26],[19,21,27],[20,22,30],[23,24,28],[24,25,30],[26,27,29]])
SimplicialSurfaceByDownwardIncidenceNC([[1,6],[1,8],[1,9],[1,10],[2,5],[2,6],[2,11],[2,12],[3,5],[3,6],[3,7],[3,11],[4,5],[4,6],[4,8],[4,12],[5,7],[5,8],[5,9],[5,11],[5,12],[6,7],[6,8],[6,10],[6,11],[6,12],[7,9],[7,10],[8,9],[9,10]],[[1,2,23],[1,4,24],[2,3,29],[3,4,30],[5,7,20],[5,8,21],[6,7,25],[6,8,26],[9,11,17],[9,12,20],[10,11,22],[10,12,25],[13,15,18],[13,16,21],[14,15,23],[14,16,26],[17,19,27],[18,19,29],[22,24,28],[27,28,30]])
SimplicialSurfaceByDownwardIncidenceNC([[1,6],[1,8],[1,9],[1,10],[2,4],[2,6],[2,11],[2,12],[3,5],[3,6],[3,7],[3,11],[4,5],[4,6],[4,8],[4,12],[5,7],[5,8],[5,9],[5,11],[5,12],[6,7],[6,8],[6,10],[6,11],[7,9],[7,10],[8,9],[9,10],[11,12]],[[1,2,23],[1,4,24],[2,3,28],[3,4,29],[5,6,14],[5,8,16],[6,7,25],[7,8,30],[9,11,17],[9,12,20],[10,11,22],[10,12,25],[13,15,18],[13,16,21],[14,15,23],[17,19,26],[18,19,28],[20,21,30],[22,24,27],[26,27,29]])
SimplicialSurfaceByDownwardIncidenceNC([[1,6],[1,8],[1,9],[1,10],[2,4],[2,5],[2,6],[2,11],[3,6],[3,7],[3,11],[3,12],[4,5],[4,6],[4,8],[5,7],[5,8],[5,9],[5,11],[5,12],[6,7],[6,8],[6,10],[6,11],[7,9],[7,10],[7,12],[8,9],[9,10],[11,12]],[[1,2,22],[1,4,23],[2,3,28],[3,4,29],[5,6,13],[5,7,14],[6,8,19],[7,8,24],[9,10,21],[9,11,24],[10,12,27],[11,12,30],[13,15,17],[14,15,22],[16,18,25],[16,20,27],[17,18,28],[19,20,30],[21,23,26],[25,26,29]])
SimplicialSurfaceByDownwardIncidenceNC([[1,6],[1,8],[1,9],[1,10],[2,4],[2,5],[2,6],[2,11],[3,5],[3,6],[3,7],[3,11],[3,12],[4,5],[4,6],[4,8],[5,7],[5,8],[5,9],[5,11],[6,8],[6,10],[6,11],[6,12],[7,9],[7,10],[7,12],[8,9],[9,10],[10,12]],[[1,2,21],[1,4,22],[2,3,28],[3,4,29],[5,6,14],[5,7,15],[6,8,20],[7,8,23],[9,11,17],[9,12,20],[10,12,23],[10,13,24],[11,13,27],[14,16,18],[15,16,21],[17,19,25],[18,19,28],[22,24,30],[25,26,29],[26,27,30]])
SimplicialSurfaceByDownwardIncidenceNC([[1,6],[1,8],[1,9],[1,10],[2,4],[2,5],[2,6],[2,11],[3,5],[3,6],[3,7],[3,11],[4,5],[4,6],[4,8],[5,7],[5,8],[5,9],[5,11],[5,12],[6,7],[6,8],[6,10],[6,11],[7,10],[7,12],[8,9],[9,10],[9,12],[10,12]],[[1,2,22],[1,4,23],[2,3,27],[3,4,28],[5,6,13],[5,7,14],[6,8,19],[7,8,24],[9,11,16],[9,12,19],[10,11,21],[10,12,24],[13,15,17],[14,15,22],[16,20,26],[17,18,27],[18,20,29],[21,23,25],[25,26,30],[28,29,30]])
SimplicialSurfaceByDownwardIncidenceNC([[1,6],[1,8],[1,9],[1,10],[2,4],[2,6],[2,11],[2,12],[3,5],[3,6],[3,7],[3,11],[3,12],[4,5],[4,6],[4,8],[4,11],[5,7],[5,8],[5,9],[5,11],[6,7],[6,8],[6,10],[6,12],[7,9],[7,10],[8,9],[9,10],[11,12]],[[1,2,23],[1,4,24],[2,3,28],[3,4,29],[5,6,15],[5,7,17],[6,8,25],[7,8,30],[9,11,18],[9,12,21],[10,11,22],[10,13,25],[12,13,30],[14,16,19],[14,17,21],[15,16,23],[18,20,26],[19,20,28],[22,24,27],[26,27,29]])
SimplicialSurfaceByDownwardIncidenceNC([[1,6],[1,8],[1,9],[1,10],[2,3],[2,4],[2,6],[2,11],[3,6],[3,7],[3,11],[3,12],[4,5],[4,6],[4,8],[4,11],[5,7],[5,8],[5,9],[5,11],[5,12],[6,7],[6,8],[6,10],[7,9],[7,10],[7,12],[8,9],[9,10],[11,12]],[[1,2,23],[1,4,24],[2,3,28],[3,4,29],[5,7,9],[5,8,11],[6,7,14],[6,8,16],[9,10,22],[10,12,27],[11,12,30],[13,15,18],[13,16,20],[14,15,23],[17,19,25],[17,21,27],[18,19,28],[20,21,30],[22,24,26],[25,26,29]])
SimplicialSurfaceByDownwardIncidenceNC([[1,6],[1,8],[1,9],[1,10],[2,3],[2,4],[2,6],[2,11],[2,12],[3,5],[3,7],[3,11],[3,12],[4,5],[4,6],[4,8],[4,11],[5,7],[5,8],[5,9],[5,11],[6,7],[6,8],[6,10],[6,12],[7,9],[7,10],[7,12],[8,9],[9,10]],[[1,2,23],[1,4,24],[2,3,29],[3,4,30],[5,8,12],[5,9,13],[6,7,15],[6,8,17],[7,9,25],[10,11,18],[10,12,21],[11,13,28],[14,16,19],[14,17,21],[15,16,23],[18,20,26],[19,20,29],[22,24,27],[22,25,28],[26,27,30]])
SimplicialSurfaceByDownwardIncidenceNC([[1,6],[1,8],[1,9],[1,10],[2,3],[2,4],[2,6],[2,11],[2,12],[3,5],[3,6],[3,7],[3,12],[4,5],[4,6],[4,8],[4,11],[5,7],[5,8],[5,9],[5,11],[5,12],[6,7],[6,8],[6,10],[7,9],[7,10],[8,9],[9,10],[11,12]],[[1,2,24],[1,4,25],[2,3,28],[3,4,29],[5,7,11],[5,9,13],[6,7,15],[6,8,17],[8,9,30],[10,12,18],[10,13,22],[11,12,23],[14,16,19],[14,17,21],[15,16,24],[18,20,26],[19,20,28],[21,22,30],[23,25,27],[26,27,29]])
SimplicialSurfaceByDownwardIncidenceNC([[1,6],[1,8],[1,9],[1,10],[2,3],[2,4],[2,6],[2,11],[3,5],[3,6],[3,7],[3,11],[3,12],[4,5],[4,6],[4,8],[4,11],[5,7],[5,8],[5,9],[5,11],[6,8],[6,10],[6,12],[7,9],[7,10],[7,12],[8,9],[9,10],[10,12]],[[1,2,22],[1,4,23],[2,3,28],[3,4,29],[5,7,10],[5,8,12],[6,7,15],[6,8,17],[9,11,18],[9,12,21],[10,13,24],[11,13,27],[14,16,19],[14,17,21],[15,16,22],[18,20,25],[19,20,28],[23,24,30],[25,26,29],[26,27,30]])
SimplicialSurfaceByDownwardIncidenceNC([[1,6],[1,8],[1,9],[1,10],[2,3],[2,4],[2,6],[2,11],[3,5],[3,6],[3,7],[3,11],[4,5],[4,6],[4,8],[4,11],[5,7],[5,8],[5,9],[5,11],[5,12],[6,7],[6,8],[6,10],[7,10],[7,12],[8,9],[9,10],[9,12],[10,12]],[[1,2,23],[1,4,24],[2,3,27],[3,4,28],[5,7,10],[5,8,12],[6,7,14],[6,8,16],[9,11,17],[9,12,20],[10,11,22],[13,15,18],[13,16,20],[14,15,23],[17,21,26],[18,19,27],[19,21,29],[22,24,25],[25,26,30],[28,29,30]])
SimplicialSurfaceByDownwardIncidenceNC([[1,6],[1,8],[1,9],[1,10],[2,3],[2,4],[2,5],[2,6],[2,11],[3,6],[3,7],[3,11],[4,5],[4,6],[4,8],[5,7],[5,8],[5,9],[5,11],[5,12],[6,7],[6,8],[6,10],[7,10],[7,11],[7,12],[8,9],[9,10],[9,12],[10,12]],[[1,2,22],[1,4,23],[2,3,27],[3,4,28],[5,8,10],[5,9,12],[6,7,13],[6,8,14],[7,9,19],[10,11,21],[11,12,25],[13,15,17],[14,15,22],[16,19,25],[16,20,26],[17,18,27],[18,20,29],[21,23,24],[24,26,30],[28,29,30]])
SimplicialSurfaceByDownwardIncidenceNC([[1,6],[1,8],[1,9],[1,10],[2,3],[2,4],[2,5],[2,6],[2,11],[3,6],[3,7],[3,11],[3,12],[4,5],[4,6],[4,8],[5,7],[5,8],[5,9],[5,11],[5,12],[6,7],[6,8],[6,10],[7,9],[7,10],[7,12],[8,9],[9,10],[11,12]],[[1,2,23],[1,4,24],[2,3,28],[3,4,29],[5,8,10],[5,9,12],[6,7,14],[6,8,15],[7,9,20],[10,11,22],[11,13,27],[12,13,30],[14,16,18],[15,16,23],[17,19,25],[17,21,27],[18,19,28],[20,21,30],[22,24,26],[25,26,29]])
SimplicialSurfaceByDownwardIncidenceNC([[1,6],[1,8],[1,9],[1,10],[2,3],[2,4],[2,5],[2,6],[2,11],[3,6],[3,7],[3,11],[3,12],[4,5],[4,6],[4,8],[5,7],[5,8],[5,9],[5,11],[6,8],[6,10],[6,12],[7,9],[7,10],[7,11],[7,12],[8,9],[9,10],[10,12]],[[1,2,21],[1,4,22],[2,3,28],[3,4,29],[5,8,10],[5,9,12],[6,7,14],[6,8,15],[7,9,20],[10,13,23],[11,12,26],[11,13,27],[14,16,18],[15,16,21],[17,19,24],[17,20,26],[18,19,28],[22,23,30],[24,25,29],[25,27,30]])
SimplicialSurfaceByDownwardIncidenceNC([[1,6],[1,8],[1,9],[1,10],[2,3],[2,4],[2,5],[2,6],[2,11],[3,6],[3,11],[3,12],[4,5],[4,6],[4,8],[5,7],[5,8],[5,9],[5,11],[6,7],[6,8],[6,10],[6,12],[7,9],[7,10],[7,11],[7,12],[8,9],[9,10],[11,12]],[[1,2,21],[1,4,22],[2,3,28],[3,4,29],[5,8,10],[5,9,11],[6,7,13],[6,8,14],[7,9,19],[10,12,23],[11,12,30],[13,15,17],[14,15,21],[16,18,24],[16,19,26],[17,18,28],[20,22,25],[20,23,27],[24,25,29],[26,27,30]])
SimplicialSurfaceByDownwardIncidenceNC([[1,6],[1,8],[1,9],[1,10],[2,3],[2,4],[2,5],[2,6],[2,11],[2,12],[3,6],[3,7],[3,11],[4,5],[4,8],[4,12],[5,7],[5,8],[5,9],[5,11],[6,7],[6,8],[6,10],[6,12],[7,9],[7,10],[7,11],[8,9],[8,12],[9,10]],[[1,2,22],[1,4,23],[2,3,28],[3,4,30],[5,8,11],[5,9,13],[6,7,14],[6,10,16],[7,9,20],[8,10,24],[11,12,21],[12,13,27],[14,15,18],[15,16,29],[17,19,25],[17,20,27],[18,19,28],[21,23,26],[22,24,29],[25,26,30]])
SimplicialSurfaceByDownwardIncidenceNC([[1,6],[1,8],[1,9],[1,10],[2,3],[2,4],[2,5],[2,6],[3,5],[3,6],[3,7],[3,11],[4,5],[4,6],[4,8],[4,12],[5,9],[5,11],[5,12],[6,7],[6,8],[6,10],[7,9],[7,10],[7,11],[8,9],[8,12],[9,10],[9,11],[9,12]],[[1,2,21],[1,4,22],[2,3,26],[3,4,28],[5,7,9],[5,8,10],[6,7,13],[6,8,14],[9,12,18],[10,11,20],[11,12,25],[13,16,19],[14,15,21],[15,16,27],[17,18,29],[17,19,30],[20,22,24],[23,24,28],[23,25,29],[26,27,30]])
SimplicialSurfaceByDownwardIncidenceNC([[1,6],[1,8],[1,9],[1,10],[2,3],[2,4],[2,5],[2,6],[3,5],[3,6],[3,7],[3,11],[4,5],[4,6],[4,8],[5,8],[5,11],[5,12],[6,7],[6,8],[6,10],[7,9],[7,10],[7,11],[8,9],[8,12],[9,10],[9,11],[9,12],[11,12]],[[1,2,20],[1,4,21],[2,3,25],[3,4,27],[5,7,9],[5,8,10],[6,7,13],[6,8,14],[9,12,17],[10,11,19],[11,12,24],[13,15,16],[14,15,20],[16,18,26],[17,18,30],[19,21,23],[22,23,27],[22,24,28],[25,26,29],[28,29,30]])
SimplicialSurfaceByDownwardIncidenceNC([[1,6],[1,8],[1,9],[1,10],[2,3],[2,4],[2,5],[2,6],[2,12],[3,5],[3,7],[3,11],[3,12],[4,5],[4,6],[4,8],[5,7],[5,8],[5,9],[6,8],[6,10],[6,11],[6,12],[7,9],[7,10],[7,11],[8,9],[9,10],[10,11],[11,12]],[[1,2,20],[1,4,21],[2,3,27],[3,4,28],[5,7,10],[5,9,13],[6,7,14],[6,8,15],[8,9,23],[10,11,17],[11,12,26],[12,13,30],[14,16,18],[15,16,20],[17,19,24],[18,19,27],[21,22,29],[22,23,30],[24,25,28],[25,26,29]])
SimplicialSurfaceByDownwardIncidenceNC([[1,6],[1,8],[1,9],[1,10],[2,3],[2,4],[2,5],[2,6],[3,5],[3,6],[3,11],[3,12],[4,5],[4,6],[4,8],[5,7],[5,8],[5,9],[5,12],[6,8],[6,10],[6,11],[7,9],[7,10],[7,11],[7,12],[8,9],[9,10],[10,11],[11,12]],[[1,2,20],[1,4,21],[2,3,27],[3,4,28],[5,7,9],[5,8,10],[6,7,13],[6,8,14],[9,12,19],[10,11,22],[11,12,30],[13,15,17],[14,15,20],[16,18,23],[16,19,26],[17,18,27],[21,22,29],[23,24,28],[24,25,29],[25,26,30]])
SimplicialSurfaceByDownwardIncidenceNC([[1,6],[1,8],[1,9],[1,10],[1,12],[2,3],[2,4],[2,5],[2,6],[3,5],[3,6],[3,7],[3,11],[4,5],[4,6],[4,8],[5,7],[5,8],[5,9],[6,8],[6,11],[6,12],[7,9],[7,10],[7,11],[8,9],[9,10],[10,11],[10,12],[11,12]],[[1,2,20],[1,5,22],[2,3,26],[3,4,27],[4,5,29],[6,8,10],[6,9,11],[7,8,14],[7,9,15],[10,12,17],[11,13,21],[12,13,25],[14,16,18],[15,16,20],[17,19,23],[18,19,26],[21,22,30],[23,24,27],[24,25,28],[28,29,30]])
SimplicialSurfaceByDownwardIncidenceNC([[1,6],[1,8],[1,9],[1,10],[1,12],[2,3],[2,4],[2,5],[2,6],[3,5],[3,6],[3,7],[4,5],[4,6],[4,8],[5,7],[5,8],[5,9],[5,11],[6,7],[6,8],[6,10],[7,10],[7,11],[8,9],[9,11],[9,12],[10,11],[10,12],[11,12]],[[1,2,21],[1,4,22],[2,3,25],[3,5,27],[4,5,29],[6,8,10],[6,9,11],[7,8,13],[7,9,14],[10,12,16],[11,12,20],[13,15,17],[14,15,21],[16,19,24],[17,18,25],[18,19,26],[20,22,23],[23,24,28],[26,27,30],[28,29,30]])
SimplicialSurfaceByDownwardIncidenceNC([[1,6],[1,7],[1,8],[1,9],[2,6],[2,10],[2,11],[2,12],[3,5],[3,6],[3,7],[3,10],[4,5],[4,6],[4,8],[4,11],[5,7],[5,8],[5,9],[5,10],[5,11],[5,12],[6,7],[6,8],[6,10],[6,11],[7,9],[8,9],[10,12],[11,12]],[[1,2,23],[1,3,24],[2,4,27],[3,4,28],[5,6,25],[5,7,26],[6,8,29],[7,8,30],[9,11,17],[9,12,20],[10,11,23],[10,12,25],[13,15,18],[13,16,21],[14,15,24],[14,16,26],[17,19,27],[18,19,28],[20,22,29],[21,22,30]])
SimplicialSurfaceByDownwardIncidenceNC([[1,6],[1,7],[1,8],[1,9],[2,5],[2,6],[2,11],[2,12],[3,5],[3,6],[3,7],[3,10],[4,5],[4,6],[4,8],[4,11],[5,7],[5,8],[5,9],[5,10],[5,11],[5,12],[6,7],[6,8],[6,10],[6,11],[6,12],[7,9],[8,9],[10,12]],[[1,2,23],[1,3,24],[2,4,28],[3,4,29],[5,7,21],[5,8,22],[6,7,26],[6,8,27],[9,11,17],[9,12,20],[10,11,23],[10,12,25],[13,15,18],[13,16,21],[14,15,24],[14,16,26],[17,19,28],[18,19,29],[20,22,30],[25,27,30]])
SimplicialSurfaceByDownwardIncidenceNC([[1,6],[1,7],[1,8],[1,9],[2,5],[2,6],[2,10],[2,11],[3,6],[3,7],[3,10],[3,12],[4,5],[4,6],[4,8],[4,11],[5,7],[5,8],[5,9],[5,10],[5,11],[5,12],[6,7],[6,8],[6,10],[6,11],[7,9],[7,12],[8,9],[10,12]],[[1,2,23],[1,3,24],[2,4,27],[3,4,29],[5,7,20],[5,8,21],[6,7,25],[6,8,26],[9,10,23],[9,11,25],[10,12,28],[11,12,30],[13,15,18],[13,16,21],[14,15,24],[14,16,26],[17,19,27],[17,22,28],[18,19,29],[20,22,30]])
SimplicialSurfaceByDownwardIncidenceNC([[1,6],[1,7],[1,8],[1,9],[2,5],[2,6],[2,10],[2,11],[2,12],[3,5],[3,6],[3,7],[3,10],[3,12],[4,5],[4,6],[4,8],[4,11],[5,7],[5,8],[5,9],[5,11],[5,12],[6,7],[6,8],[6,10],[6,11],[7,9],[8,9],[10,12]],[[1,2,24],[1,3,25],[2,4,28],[3,4,29],[5,8,22],[5,9,23],[6,7,26],[6,8,27],[7,9,30],[10,12,19],[10,14,23],[11,12,24],[11,13,26],[13,14,30],[15,17,20],[15,18,22],[16,17,25],[16,18,27],[19,21,28],[20,21,29]])
SimplicialSurfaceByDownwardIncidenceNC([[1,6],[1,7],[1,8],[1,9],[2,4],[2,6],[2,10],[2,11],[3,6],[3,7],[3,10],[3,12],[4,5],[4,6],[4,8],[4,11],[5,7],[5,8],[5,9],[5,10],[5,11],[5,12],[6,7],[6,8],[6,10],[7,9],[7,12],[8,9],[10,11],[10,12]],[[1,2,23],[1,3,24],[2,4,26],[3,4,28],[5,6,14],[5,8,16],[6,7,25],[7,8,29],[9,10,23],[9,11,25],[10,12,27],[11,12,30],[13,15,18],[13,16,21],[14,15,24],[17,19,26],[17,22,27],[18,19,28],[20,21,29],[20,22,30]])
SimplicialSurfaceByDownwardIncidenceNC([[1,6],[1,7],[1,8],[1,9],[2,3],[2,4],[2,6],[2,10],[3,6],[3,7],[3,10],[3,11],[4,5],[4,6],[4,8],[4,10],[5,8],[5,9],[5,10],[5,11],[5,12],[6,7],[6,8],[7,9],[7,11],[7,12],[8,9],[9,12],[10,11],[11,12]],[[1,2,22],[1,3,23],[2,4,24],[3,4,27],[5,7,9],[5,8,11],[6,7,14],[6,8,16],[9,10,22],[10,12,25],[11,12,29],[13,15,17],[13,16,19],[14,15,23],[17,18,27],[18,21,28],[19,20,29],[20,21,30],[24,26,28],[25,26,30]])
SimplicialSurfaceByDownwardIncidenceNC([[1,6],[1,7],[1,8],[1,9],[2,3],[2,4],[2,6],[2,10],[3,6],[3,7],[3,10],[3,11],[4,5],[4,6],[4,8],[4,10],[4,12],[5,7],[5,8],[5,9],[5,11],[5,12],[6,7],[6,8],[7,9],[7,11],[8,9],[10,11],[10,12],[11,12]],[[1,2,23],[1,3,24],[2,4,25],[3,4,27],[5,7,9],[5,8,11],[6,7,14],[6,8,16],[9,10,23],[10,12,26],[11,12,28],[13,15,19],[13,17,22],[14,15,24],[16,17,29],[18,20,25],[18,21,26],[19,20,27],[21,22,30],[28,29,30]])
SimplicialSurfaceByDownwardIncidenceNC([[1,6],[1,7],[1,8],[1,9],[2,3],[2,4],[2,6],[2,10],[3,6],[3,7],[3,10],[3,11],[4,5],[4,6],[4,8],[4,10],[4,12],[5,7],[5,9],[5,10],[5,11],[5,12],[6,7],[6,8],[7,9],[7,11],[8,9],[8,12],[9,12],[10,11]],[[1,2,23],[1,3,24],[2,4,25],[3,4,27],[5,7,9],[5,8,11],[6,7,14],[6,8,16],[9,10,23],[10,12,26],[11,12,30],[13,16,20],[13,17,22],[14,15,24],[15,17,28],[18,19,25],[18,21,26],[19,22,29],[20,21,30],[27,28,29]])
SimplicialSurfaceByDownwardIncidenceNC([[1,6],[1,7],[1,8],[1,9],[2,3],[2,4],[2,6],[2,10],[2,12],[3,6],[3,7],[3,10],[3,11],[4,5],[4,8],[4,10],[4,12],[5,7],[5,8],[5,9],[5,10],[5,11],[6,7],[6,8],[6,12],[7,9],[7,11],[8,9],[8,12],[10,11]],[[1,2,23],[1,3,24],[2,4,26],[3,4,28],[5,7,10],[5,8,12],[6,8,16],[6,9,17],[7,9,25],[10,11,23],[11,13,27],[12,13,30],[14,15,19],[14,16,21],[15,17,29],[18,20,26],[18,22,27],[19,20,28],[21,22,30],[24,25,29]])
SimplicialSurfaceByDownwardIncidenceNC([[1,6],[1,7],[1,8],[1,9],[2,3],[2,4],[2,6],[2,10],[2,12],[3,6],[3,7],[3,11],[3,12],[4,5],[4,6],[4,8],[4,10],[5,7],[5,8],[5,9],[5,10],[5,11],[6,7],[6,8],[7,9],[7,11],[8,9],[10,11],[10,12],[11,12]],[[1,2,23],[1,3,24],[2,4,25],[3,4,27],[5,7,10],[5,9,13],[6,7,15],[6,8,17],[8,9,29],[10,11,23],[11,12,26],[12,13,30],[14,16,19],[14,17,21],[15,16,24],[18,20,25],[18,22,26],[19,20,27],[21,22,28],[28,29,30]])
SimplicialSurfaceByDownwardIncidenceNC([[1,6],[1,7],[1,8],[1,9],[2,3],[2,4],[2,6],[2,10],[2,12],[3,7],[3,10],[3,11],[3,12],[4,5],[4,6],[4,8],[4,10],[5,7],[5,8],[5,9],[5,10],[5,11],[6,7],[6,8],[6,12],[7,9],[7,11],[7,12],[8,9],[10,11]],[[1,2,23],[1,3,24],[2,4,26],[3,4,29],[5,8,11],[5,9,13],[6,7,15],[6,8,17],[7,9,25],[10,12,27],[10,13,28],[11,12,30],[14,16,19],[14,17,21],[15,16,24],[18,20,26],[18,22,27],[19,20,29],[21,22,30],[23,25,28]])
SimplicialSurfaceByDownwardIncidenceNC([[1,6],[1,7],[1,8],[1,9],[1,12],[2,3],[2,4],[2,6],[2,10],[3,6],[3,7],[3,10],[3,11],[4,5],[4,6],[4,8],[4,10],[4,12],[5,7],[5,8],[5,9],[5,10],[5,11],[6,7],[6,12],[7,9],[7,11],[8,9],[8,12],[10,11]],[[1,2,24],[1,5,25],[2,4,26],[3,4,28],[3,5,29],[6,8,10],[6,9,12],[7,8,15],[7,9,17],[10,11,24],[11,13,27],[12,13,30],[14,16,20],[14,17,22],[15,18,25],[16,18,29],[19,21,26],[19,23,27],[20,21,28],[22,23,30]])
SimplicialSurfaceByDownwardIncidenceNC([[1,6],[1,7],[1,8],[1,9],[1,12],[2,3],[2,4],[2,6],[2,10],[3,6],[3,7],[3,10],[3,11],[3,12],[4,5],[4,6],[4,8],[4,10],[5,7],[5,8],[5,9],[5,10],[5,11],[6,8],[6,12],[7,9],[7,11],[7,12],[8,9],[10,11]],[[1,3,24],[1,5,25],[2,4,26],[2,5,28],[3,4,29],[6,8,10],[6,9,12],[7,8,16],[7,9,18],[10,14,25],[11,13,27],[11,14,28],[12,13,30],[15,17,20],[15,18,22],[16,17,24],[19,21,26],[19,23,27],[20,21,29],[22,23,30]])
SimplicialSurfaceByDownwardIncidenceNC([[1,6],[1,7],[1,8],[1,9],[1,12],[2,3],[2,4],[2,5],[2,6],[2,10],[3,6],[3,7],[3,10],[3,12],[4,5],[4,6],[4,8],[5,8],[5,9],[5,10],[5,11],[6,8],[6,12],[7,9],[7,10],[7,11],[7,12],[8,9],[9,11],[10,11]],[[1,3,22],[1,5,23],[2,4,24],[2,5,27],[3,4,28],[6,9,11],[6,10,13],[7,8,15],[7,9,16],[8,10,20],[11,14,23],[12,13,25],[12,14,27],[15,17,18],[16,17,22],[18,19,28],[19,21,29],[20,21,30],[24,26,29],[25,26,30]])
SimplicialSurfaceByDownwardIncidenceNC([[1,6],[1,7],[1,8],[1,9],[2,3],[2,4],[2,6],[2,11],[2,12],[3,6],[3,7],[3,10],[3,11],[4,5],[4,6],[4,8],[4,12],[5,8],[5,9],[5,10],[5,11],[5,12],[6,7],[6,8],[7,9],[7,10],[8,9],[9,10],[10,11],[11,12]],[[1,2,23],[1,3,24],[2,4,25],[3,4,27],[5,7,10],[5,8,13],[6,7,15],[6,9,17],[8,9,30],[10,11,23],[11,12,26],[12,13,29],[14,16,18],[14,17,22],[15,16,24],[18,19,27],[19,20,28],[20,21,29],[21,22,30],[25,26,28]])
SimplicialSurfaceByDownwardIncidenceNC([[1,6],[1,7],[1,8],[1,9],[2,3],[2,4],[2,5],[2,6],[2,11],[3,6],[3,7],[3,10],[3,11],[4,5],[4,6],[4,8],[5,8],[5,9],[5,11],[5,12],[6,7],[6,8],[7,9],[7,10],[8,9],[9,10],[9,12],[10,11],[10,12],[11,12]],[[1,2,21],[1,3,22],[2,4,23],[3,4,25],[5,8,10],[5,9,13],[6,7,14],[6,8,15],[7,9,19],[10,11,21],[11,12,24],[12,13,28],[14,16,17],[15,16,22],[17,18,25],[18,20,27],[19,20,30],[23,24,26],[26,27,29],[28,29,30]])
SimplicialSurfaceByDownwardIncidenceNC([[1,6],[1,7],[1,8],[1,9],[1,12],[2,3],[2,4],[2,5],[2,6],[3,5],[3,6],[3,7],[3,10],[4,5],[4,6],[4,8],[5,8],[5,10],[5,11],[6,7],[6,8],[7,9],[7,10],[8,11],[8,12],[9,10],[9,11],[9,12],[10,11],[11,12]],[[1,2,20],[1,3,21],[2,4,22],[3,5,25],[4,5,28],[6,8,10],[6,9,11],[7,8,14],[7,9,15],[10,13,18],[11,12,20],[12,13,23],[14,16,17],[15,16,21],[17,19,24],[18,19,29],[22,23,26],[24,25,30],[26,27,29],[27,28,30]])
SimplicialSurfaceByDownwardIncidenceNC([[1,6],[1,7],[1,8],[1,9],[1,12],[2,3],[2,4],[2,5],[2,6],[3,5],[3,6],[3,7],[3,10],[4,5],[4,6],[4,8],[5,8],[5,9],[5,10],[6,7],[6,8],[7,10],[7,11],[7,12],[8,9],[9,10],[9,11],[9,12],[10,11],[11,12]],[[1,2,20],[1,3,21],[2,5,24],[3,4,25],[4,5,28],[6,8,10],[6,9,11],[7,8,14],[7,9,15],[10,13,19],[11,12,20],[12,13,22],[14,16,17],[15,16,21],[17,18,25],[18,19,26],[22,23,29],[23,24,30],[26,27,29],[27,28,30]])
SimplicialSurfaceByDownwardIncidenceNC([[1,5],[1,6],[1,11],[1,12],[2,3],[2,4],[2,5],[2,6],[3,5],[3,6],[3,7],[4,5],[4,6],[4,8],[5,7],[5,8],[5,9],[5,10],[5,11],[5,12],[6,7],[6,8],[6,9],[6,10],[6,11],[6,12],[7,9],[8,10],[9,11],[10,12]],[[1,3,19],[1,4,20],[2,3,25],[2,4,26],[5,7,9],[5,8,10],[6,7,12],[6,8,13],[9,11,15],[10,11,21],[12,14,16],[13,14,22],[15,17,27],[16,18,28],[17,19,29],[18,20,30],[21,23,27],[22,24,28],[23,25,29],[24,26,30]])
SimplicialSurfaceByDownwardIncidenceNC([[1,9],[1,10],[1,11],[1,12],[2,3],[2,4],[2,5],[2,6],[3,5],[3,6],[3,7],[4,5],[4,6],[4,8],[4,9],[5,7],[5,8],[6,7],[6,9],[6,10],[7,8],[7,10],[7,11],[8,9],[8,11],[8,12],[9,10],[9,12],[10,11],[11,12]],[[1,2,27],[1,4,28],[2,3,29],[3,4,30],[5,7,9],[5,8,10],[6,7,12],[6,8,13],[9,11,16],[10,11,18],[12,14,17],[13,15,19],[14,15,24],[16,17,21],[18,20,22],[19,20,27],[21,23,25],[22,23,29],[24,26,28],[25,26,30]])
SimplicialSurfaceByDownwardIncidenceNC([[1,8],[1,9],[1,10],[1,11],[2,3],[2,4],[2,5],[2,6],[2,12],[3,6],[3,7],[3,12],[4,5],[4,6],[4,8],[4,9],[5,7],[5,8],[5,12],[6,7],[6,9],[6,10],[7,8],[7,10],[7,11],[7,12],[8,9],[8,11],[9,10],[10,11]],[[1,2,27],[1,4,28],[2,3,29],[3,4,30],[5,8,10],[5,9,12],[6,7,13],[6,8,14],[7,9,19],[10,11,20],[11,12,26],[13,15,18],[14,16,21],[15,16,27],[17,18,23],[17,19,26],[20,22,24],[21,22,29],[23,25,28],[24,25,30]])
SimplicialSurfaceByDownwardIncidenceNC([[1,7],[1,8],[1,9],[1,10],[2,4],[2,5],[2,6],[2,11],[2,12],[3,6],[3,7],[3,11],[3,12],[4,5],[4,6],[4,8],[4,9],[5,7],[5,8],[5,11],[6,7],[6,9],[6,10],[6,12],[7,8],[7,10],[7,11],[8,9],[9,10],[11,12]],[[1,2,25],[1,4,26],[2,3,28],[3,4,29],[5,6,14],[5,7,15],[6,8,20],[7,9,24],[8,9,30],[10,11,21],[10,13,24],[11,12,27],[12,13,30],[14,16,19],[15,17,22],[16,17,28],[18,19,25],[18,20,27],[21,23,26],[22,23,29]])
SimplicialSurfaceByDownwardIncidenceNC([[1,6],[1,7],[1,8],[1,9],[2,3],[2,4],[2,5],[2,10],[2,11],[3,5],[3,7],[3,11],[3,12],[4,5],[4,8],[4,9],[4,10],[5,7],[5,8],[6,7],[6,9],[6,10],[6,11],[6,12],[7,8],[7,12],[8,9],[9,10],[10,11],[11,12]],[[1,2,20],[1,4,21],[2,3,25],[3,4,27],[5,7,10],[5,9,12],[6,7,14],[6,8,17],[8,9,29],[10,11,18],[11,13,26],[12,13,30],[14,15,19],[15,16,27],[16,17,28],[18,19,25],[20,24,26],[21,22,28],[22,23,29],[23,24,30]])
