return [

SimplicialSurfaceByDownwardIncidence(
[ 1, 2, 3, 4 ],
[ 1, 3, 4, 5, 6, 7, 8, 9, 10, 11, 13, 14 ],
[ 1, 2, 3, 4, 5, 6, 7, 8 ],
[ [ 1 .. 2 ],, [ 1, 4 .. 4 ], [ 1, 3 .. 3 ], [ 2 .. 3 ], [ 2 .. 3 ], [ 1 .. 2 ], [ 3 .. 4 ], [ 1, 3 .. 3 ], [ 3 .. 4 ],
  [ 1, 4 .. 4 ],, [ 1, 3 .. 3 ], [ 1, 3 .. 3 ] ],
[ [ 1, 13, 5 ], [ 14, 3, 8 ], [ 4, 3, 10 ], [ 1, 4, 6 ], [ 7, 9, 5 ], [ 9, 11, 8 ], [ 14, 11, 10 ], [ 7, 13, 6 ] ]
), 
SimplicialSurfaceByDownwardIncidence(
[ 1, 2, 3, 4 ],
[ 1, 3, 4, 5, 6, 7, 8, 9, 10, 11, 13, 14 ],
[ 1, 2, 3, 4, 5, 6, 7, 8 ],
[ [ 1 .. 2 ],, [ 1, 4 .. 4 ], [ 1, 3 .. 3 ], [ 2 .. 3 ], [ 2 .. 3 ], [ 1 .. 2 ], [ 3 .. 4 ], [ 1, 3 .. 3 ], [ 3 .. 4 ],
  [ 1, 4 .. 4 ],, [ 1, 3 .. 3 ], [ 1, 3 .. 3 ] ],
[ [ 1, 13, 5 ], [ 14, 3, 8 ], [ 4, 3, 10 ], [ 1, 4, 6 ], [ 7, 9, 5 ], [ 9, 11, 8 ], [ 13, 11, 10 ], [ 7, 14, 6 ] ]
) 

];
