return [
SimplicialSurfaceByDownwardIncidence(
[ 1 .. 21 ],
[ 1 .. 84 ],
[ 1 .. 56 ],
[ [ 1, 2 ], [ 1, 5 ], [ 3, 6 ], [ 4, 5 ], [ 2, 5 ], [ 1, 6 ], [ 2, 3 ], [ 4, 12 ], [ 6, 7 ], [ 8, 10 ], [ 9, 13 ], [ 5, 10 ], 
  [ 2, 4 ], [ 11, 12 ], [ 2, 6 ], [ 5, 12 ], [ 1, 10 ], [ 3, 13 ], [ 1, 7 ], [ 5, 8 ], [ 6, 9 ], [ 4, 14 ], [ 11, 20 ], [ 9, 10 ], [ 8, 13 ], [ 2, 14 ], [ 7, 15 ], [ 16, 18 ], [ 14, 15 ], [ 7, 13 ], 
  [ 17, 21 ], [ 2, 18 ], [ 12, 15 ], [ 5, 11 ], [ 8, 18 ], [ 14, 16 ], [ 19, 20 ], [ 6, 13 ], [ 12, 20 ], [ 3, 18 ], [ 4, 15 ], [ 9, 21 ], 
  [ 1, 9 ], [ 3, 8 ], [ 6, 15 ], [ 2, 16 ], [ 7, 12 ], [ 6, 14 ], [ 7, 10 ], [ 13, 17 ], [ 11, 18 ], [ 18, 21 ], [ 16, 20 ], [ 19, 21 ], [ 7, 11 ], [ 17, 18 ], [ 3, 15 ], [ 16, 21 ], [ 5, 18 ], [ 9, 19 ], 
  [ 11, 16 ], [ 12, 19 ], [ 10, 12 ], [ 8, 21 ], [ 17, 20 ], [ 1, 11 ], [ 14, 19 ], [ 9, 16 ], [ 15, 20 ], [ 10, 13 ], [ 13, 21 ], [ 14, 20 ], 
  [ 20, 21 ], [ 9, 14 ], [ 4, 19 ], [ 7, 17 ], [ 3, 17 ], [ 3, 4 ], [ 10, 19 ], [ 1, 16 ], [ 15, 17 ], [ 4, 8 ], [ 11, 17 ], [ 8, 19 ] ],
[ [ 1, 2, 5 ], [ 1, 6, 15 ], [ 7, 15, 3 ], [ 4, 8, 16 ], [ 2, 17, 12 ], [ 3, 18, 38 ], [ 13, 5, 4 ], [ 6, 19, 9 ], [ 20, 12, 10 ], 
  [ 21, 38, 11 ], [ 13, 26, 22 ], [ 14, 23, 39 ], [ 7, 32, 40 ], [ 8, 41, 33 ], [ 9, 45, 27 ], [ 10, 25, 70 ], [ 11, 42, 71 ], [ 34, 16, 14 ], [ 43, 17, 24 ], [ 44, 18, 25 ], [ 46, 32, 28 ], [ 47, 27, 33 ], 
  [ 48, 45, 29 ], [ 49, 30, 70 ], [ 50, 71, 31 ], [ 34, 59, 51 ], [ 35, 64, 52 ], [ 36, 72, 53 ], [ 37, 54, 73 ], [ 19, 66, 55 ], [ 20, 59, 35 ], 
  [ 21, 48, 74 ], [ 22, 75, 67 ], [ 61, 23, 53 ], [ 24, 60, 79 ], [ 26, 46, 36 ], [ 28, 58, 52 ], [ 29, 72, 69 ], [ 30, 76, 50 ], [ 65, 31, 73 ], [ 62, 39, 37 ], [ 77, 40, 56 ], [ 78, 57, 41 ], 
  [ 68, 42, 58 ], [ 66, 80, 61 ], [ 74, 60, 67 ], [ 63, 79, 62 ], [ 49, 47, 63 ], [ 81, 69, 65 ], [ 43, 80, 68 ], [ 78, 44, 82 ], [ 83, 51, 56 ], [ 84, 64, 54 ], [ 55, 76, 83 ], [ 57, 77, 81 ], [ 82, 75, 84 ] 
 ]
),

SimplicialSurfaceByDownwardIncidence(
[ 1 .. 42 ],
[ 1 .. 168 ],
[ 1 .. 112 ],
[ [ 1, 2 ], [ 1, 3 ], [ 2, 3 ], [ 1, 4 ], [ 2, 4 ], [ 1, 5 ], [ 3, 5 ], [ 2, 6 ], [ 1, 7 ], [ 3, 6 ], [ 4, 7 ], [ 2, 8 ], 
  [ 1, 9 ], [ 4, 8 ], [ 5, 9 ], [ 3, 10 ], [ 2, 11 ], [ 1, 12 ], [ 5, 10 ], [ 6, 11 ], [ 7, 12 ], [ 3, 13 ], [ 4, 14 ], [ 2, 15 ], [ 1, 16 ], [ 6, 13 ], [ 7, 14 ], [ 8, 15 ], [ 9, 16 ], [ 4, 17 ], [ 5, 18 ], 
  [ 3, 19 ], [ 2, 20 ], [ 8, 17 ], [ 9, 18 ], [ 10, 19 ], [ 11, 20 ], [ 12, 16 ], [ 5, 17 ], [ 6, 18 ], [ 7, 21 ], [ 3, 22 ], [ 4, 23 ], 
  [ 10, 17 ], [ 11, 18 ], [ 12, 21 ], [ 13, 22 ], [ 14, 23 ], [ 15, 20 ], [ 6, 14 ], [ 7, 13 ], [ 8, 21 ], [ 9, 24 ], [ 4, 25 ], [ 5, 26 ], [ 13, 14 ], [ 15, 21 ], [ 16, 24 ], [ 17, 25 ], [ 18, 26 ], 
  [ 19, 22 ], [ 8, 10 ], [ 9, 11 ], [ 10, 24 ], [ 11, 27 ], [ 12, 28 ], [ 5, 29 ], [ 6, 30 ], [ 7, 31 ], [ 19, 24 ], [ 20, 27 ], 
  [ 16, 28 ], [ 17, 29 ], [ 18, 30 ], [ 21, 31 ], [ 23, 25 ], [ 12, 15 ], [ 13, 27 ], [ 14, 28 ], [ 15, 32 ], [ 6, 33 ], [ 7, 34 ], [ 8, 35 ], [ 9, 31 ], [ 22, 27 ], [ 23, 28 ], [ 20, 32 ], [ 14, 33 ], 
  [ 13, 34 ], [ 21, 35 ], [ 24, 31 ], [ 26, 29 ], [ 16, 19 ], [ 17, 32 ], [ 18, 28 ], [ 19, 36 ], [ 8, 37 ], [ 9, 38 ], [ 10, 39 ], [ 11, 35 ], 
  [ 12, 26 ], [ 25, 32 ], [ 26, 28 ], [ 22, 36 ], [ 10, 37 ], [ 11, 38 ], [ 24, 39 ], [ 27, 35 ], [ 30, 33 ], [ 31, 34 ], [ 20, 22 ], [ 16, 23 ], [ 17, 36 ], [ 18, 32 ], [ 21, 24 ], [ 23, 39 ], [ 12, 40 ], 
  [ 13, 39 ], [ 14, 36 ], [ 15, 30 ], [ 29, 36 ], [ 30, 32 ], [ 25, 39 ], [ 15, 40 ], [ 27, 39 ], [ 28, 36 ], [ 35, 37 ], [ 31, 38 ], [ 20, 25 ], 
  [ 21, 27 ], [ 26, 35 ], [ 16, 41 ], [ 19, 33 ], [ 33, 36 ], [ 34, 39 ], [ 29, 35 ], [ 19, 41 ], [ 32, 36 ], [ 28, 32 ], [ 37, 39 ], [ 35, 38 ], [ 26, 40 ], [ 22, 29 ], [ 24, 27 ], [ 30, 31 ], [ 20, 42 ], 
  [ 23, 37 ], [ 31, 33 ], [ 30, 34 ], [ 22, 42 ], [ 23, 41 ], [ 30, 40 ], [ 25, 34 ], [ 26, 37 ], [ 33, 38 ], [ 25, 42 ], [ 33, 41 ], [ 29, 38 ], 
  [ 37, 40 ], [ 29, 42 ], [ 37, 41 ], [ 34, 40 ], [ 34, 42 ], [ 38, 41 ], [ 38, 42 ], [ 40, 41 ], [ 40, 42 ], [ 41, 42 ] ],
[ [ 1, 2, 3 ], [ 1, 4, 5 ], [ 2, 6, 7 ], [ 3, 8, 10 ], [ 4, 9, 11 ], [ 5, 12, 14 ], [ 6, 13, 15 ], [ 7, 16, 19 ], [ 8, 17, 20 ], 
  [ 9, 18, 21 ], [ 10, 22, 26 ], [ 11, 23, 27 ], [ 12, 24, 28 ], [ 13, 25, 29 ], [ 14, 30, 34 ], [ 15, 31, 35 ], [ 16, 32, 36 ], [ 17, 33, 37 ], [ 18, 25, 38 ], [ 19, 39, 44 ], [ 20, 40, 45 ], [ 21, 41, 46 ], 
  [ 22, 42, 47 ], [ 23, 43, 48 ], [ 24, 33, 49 ], [ 26, 50, 56 ], [ 51, 27, 56 ], [ 28, 52, 57 ], [ 29, 53, 58 ], [ 30, 54, 59 ], [ 31, 55, 60 ], 
  [ 32, 42, 61 ], [ 62, 34, 44 ], [ 63, 35, 45 ], [ 36, 64, 70 ], [ 37, 65, 71 ], [ 38, 66, 72 ], [ 39, 67, 73 ], [ 40, 68, 74 ], [ 41, 69, 75 ], [ 43, 54, 76 ], [ 77, 46, 57 ], [ 47, 78, 85 ], 
  [ 48, 79, 86 ], [ 49, 80, 87 ], [ 50, 81, 88 ], [ 51, 82, 89 ], [ 52, 83, 90 ], [ 53, 84, 91 ], [ 55, 67, 92 ], [ 93, 58, 70 ], 
  [ 59, 94, 102 ], [ 60, 95, 103 ], [ 61, 96, 104 ], [ 62, 97, 105 ], [ 63, 98, 106 ], [ 64, 99, 107 ], [ 65, 100, 108 ], [ 101, 66, 103 ], [ 68, 81, 109 ], [ 69, 82, 110 ], [ 111, 71, 85 ], [ 112, 72, 86 ], 
  [ 73, 113, 121 ], [ 74, 114, 122 ], [ 115, 75, 91 ], [ 76, 116, 123 ], [ 77, 117, 124 ], [ 78, 118, 125 ], [ 79, 119, 126 ], [ 120, 80, 122 ], [ 83, 97, 127 ], 
  [ 84, 98, 128 ], [ 129, 87, 102 ], [ 88, 119, 134 ], [ 89, 118, 135 ], [ 130, 90, 108 ], [ 92, 131, 136 ], [ 93, 132, 137 ], [ 94, 113, 138 ], [ 95, 114, 139 ], [ 133, 96, 134 ], [ 105, 99, 140 ], 
  [ 100, 106, 141 ], [ 101, 117, 142 ], [ 143, 104, 121 ], [ 144, 107, 125 ], [ 145, 109, 148 ], [ 145, 149, 110 ], [ 111, 146, 150 ], [ 112, 132, 151 ], [ 115, 130, 144 ], 
  [ 147, 116, 140 ], [ 120, 124, 152 ], [ 153, 123, 135 ], [ 139, 126, 138 ], [ 131, 154, 127 ], [ 148, 128, 155 ], [ 129, 146, 156 ], [ 133, 137, 157 ], [ 136, 158, 141 ], [ 154, 142, 159 ], 
  [ 143, 150, 160 ], [ 147, 151, 161 ], [ 149, 152, 162 ], [ 153, 156, 163 ], [ 155, 157, 164 ], [ 158, 160, 165 ], [ 159, 161, 166 ], [ 162, 163, 167 ], [ 164, 165, 168 ], [ 166, 167, 168 ] ]
)


];
