SIMPLICIAL_SURFACES[18] := [

SimplicialSurfaceByVerticesInFaces( 11, 18, [[1, 8, 9], [1, 8, 10], [1, 9, 11], [1, 10, 11], [2, 3, 5], [2, 3, 6], [2, 4, 5], [2, 4, 6], [3, 5, 7], [3, 6, 7], [4, 5, 8], [4, 6, 8], [5, 7, 9], [5, 8, 9], [6, 7, 10], [6, 8, 10], [7, 9, 11], [7, 10, 11]] ),
SimplicialSurfaceByVerticesInFaces( 11, 18, [[1, 7, 10], [1, 7, 11], [1, 8, 10], [1, 8, 11], [2, 3, 5], [2, 3, 6], [2, 4, 5], [2, 4, 6], [3, 5, 7], [3, 6, 7], [4, 5, 8], [4, 6, 8], [5, 7, 9], [5, 8, 9], [6, 7, 10], [6, 8, 10], [7, 9, 11], [8, 9, 11]] ),
SimplicialSurfaceByVerticesInFaces( 11, 18, [[1, 7, 9], [1, 7, 10], [1, 8, 9], [1, 8, 10], [2, 3, 6], [2, 3, 11], [2, 4, 5], [2, 4, 6], [2, 5, 11], [3, 6, 7], [3, 7, 11], [4, 5, 8], [4, 6, 8], [5, 7, 9], [5, 7, 11], [5, 8, 9], [6, 7, 10], [6, 8, 10]] ),
SimplicialSurfaceByVerticesInFaces( 11, 18, [[1, 7, 9], [1, 7, 10], [1, 8, 9], [1, 8, 10], [2, 3, 5], [2, 3, 6], [2, 4, 5], [2, 4, 6], [3, 5, 11], [3, 6, 7], [3, 7, 11], [4, 5, 8], [4, 6, 8], [5, 8, 9], [5, 9, 11], [6, 7, 10], [6, 8, 10], [7, 9, 11]] ),
SimplicialSurfaceByVerticesInFaces( 11, 18, [[1, 8, 9], [1, 8, 11], [1, 9, 10], [1, 10, 11], [2, 3, 5], [2, 3, 6], [2, 4, 5], [2, 4, 6], [3, 5, 7], [3, 6, 7], [4, 5, 8], [4, 6, 8], [5, 7, 9], [5, 8, 9], [6, 7, 10], [6, 8, 11], [6, 10, 11], [7, 9, 10]] ),
SimplicialSurfaceByVerticesInFaces( 11, 18, [[1, 6, 10], [1, 6, 11], [1, 9, 10], [1, 9, 11], [2, 3, 5], [2, 3, 6], [2, 4, 5], [2, 4, 6], [3, 5, 7], [3, 6, 7], [4, 5, 8], [4, 6, 8], [5, 7, 9], [5, 8, 9], [6, 7, 10], [6, 8, 11], [7, 9, 10], [8, 9, 11]] ),
SimplicialSurfaceByVerticesInFaces( 11, 18, [[1, 6, 8], [1, 6, 10], [1, 8, 9], [1, 9, 10], [2, 4, 5], [2, 4, 6], [2, 5, 11], [2, 6, 11], [3, 5, 7], [3, 5, 11], [3, 6, 7], [3, 6, 11], [4, 5, 8], [4, 6, 8], [5, 7, 9], [5, 8, 9], [6, 7, 10], [7, 9, 10]] ),
SimplicialSurfaceByVerticesInFaces( 11, 18, [[1, 6, 8], [1, 6, 10], [1, 8, 9], [1, 9, 10], [2, 3, 6], [2, 3, 11], [2, 4, 6], [2, 4, 11], [3, 5, 7], [3, 5, 11], [3, 6, 7], [4, 5, 8], [4, 5, 11], [4, 6, 8], [5, 7, 9], [5, 8, 9], [6, 7, 10], [7, 9, 10]] ),
SimplicialSurfaceByVerticesInFaces( 11, 18, [[1, 6, 8], [1, 6, 10], [1, 8, 9], [1, 9, 10], [2, 3, 6], [2, 3, 11], [2, 4, 5], [2, 4, 6], [2, 5, 11], [3, 6, 7], [3, 7, 11], [4, 5, 8], [4, 6, 8], [5, 7, 9], [5, 7, 11], [5, 8, 9], [6, 7, 10], [7, 9, 10]] ),
SimplicialSurfaceByVerticesInFaces( 11, 18, [[1, 6, 8], [1, 6, 10], [1, 8, 9], [1, 9, 10], [2, 3, 5], [2, 3, 6], [2, 4, 5], [2, 4, 6], [3, 5, 11], [3, 6, 7], [3, 7, 11], [4, 5, 8], [4, 6, 8], [5, 8, 9], [5, 9, 11], [6, 7, 10], [7, 9, 10], [7, 9, 11]] ),
SimplicialSurfaceByVerticesInFaces( 11, 18, [[1, 6, 8], [1, 6, 10], [1, 8, 9], [1, 9, 10], [2, 3, 5], [2, 3, 6], [2, 4, 5], [2, 4, 6], [3, 5, 7], [3, 6, 11], [3, 7, 11], [4, 5, 8], [4, 6, 8], [5, 7, 9], [5, 8, 9], [6, 10, 11], [7, 9, 10], [7, 10, 11]] ),
SimplicialSurfaceByVerticesInFaces( 11, 18, [[1, 6, 8], [1, 6, 10], [1, 8, 9], [1, 9, 10], [2, 3, 5], [2, 3, 6], [2, 4, 5], [2, 4, 6], [3, 5, 7], [3, 6, 7], [4, 5, 8], [4, 6, 8], [5, 7, 11], [5, 8, 9], [5, 9, 11], [6, 7, 10], [7, 10, 11], [9, 10, 11]] ),
SimplicialSurfaceByVerticesInFaces( 11, 18, [[1, 6, 7], [1, 6, 8], [1, 7, 9], [1, 8, 9], [2, 5, 10], [2, 5, 11], [2, 6, 10], [2, 6, 11], [3, 5, 7], [3, 5, 10], [3, 6, 7], [3, 6, 10], [4, 5, 8], [4, 5, 11], [4, 6, 8], [4, 6, 11], [5, 7, 9], [5, 8, 9]] ),
SimplicialSurfaceByVerticesInFaces( 11, 18, [[1, 6, 7], [1, 6, 8], [1, 7, 9], [1, 8, 9], [2, 4, 6], [2, 4, 11], [2, 6, 10], [2, 10, 11], [3, 5, 7], [3, 5, 10], [3, 6, 7], [3, 6, 10], [4, 5, 8], [4, 5, 11], [4, 6, 8], [5, 7, 9], [5, 8, 9], [5, 10, 11]] ),
SimplicialSurfaceByVerticesInFaces( 11, 18, [[1, 6, 7], [1, 6, 8], [1, 7, 9], [1, 8, 9], [2, 4, 5], [2, 4, 6], [2, 5, 10], [2, 6, 10], [3, 6, 7], [3, 6, 10], [3, 7, 11], [3, 10, 11], [4, 5, 8], [4, 6, 8], [5, 7, 9], [5, 7, 11], [5, 8, 9], [5, 10, 11]] ),
SimplicialSurfaceByVerticesInFaces( 11, 18, [[1, 6, 7], [1, 6, 8], [1, 7, 9], [1, 8, 9], [2, 3, 6], [2, 3, 10], [2, 4, 6], [2, 4, 10], [3, 6, 7], [3, 7, 11], [3, 10, 11], [4, 5, 8], [4, 5, 10], [4, 6, 8], [5, 7, 9], [5, 7, 11], [5, 8, 9], [5, 10, 11]] ),
SimplicialSurfaceByVerticesInFaces( 11, 18, [[1, 6, 7], [1, 6, 8], [1, 7, 9], [1, 8, 9], [2, 3, 6], [2, 3, 10], [2, 4, 6], [2, 4, 11], [2, 5, 10], [2, 5, 11], [3, 6, 7], [3, 7, 10], [4, 6, 8], [4, 8, 11], [5, 7, 9], [5, 7, 10], [5, 8, 9], [5, 8, 11]] ),
SimplicialSurfaceByVerticesInFaces( 11, 18, [[1, 6, 7], [1, 6, 8], [1, 7, 9], [1, 8, 9], [2, 3, 6], [2, 3, 10], [2, 4, 5], [2, 4, 6], [2, 5, 10], [3, 6, 7], [3, 7, 10], [4, 5, 8], [4, 6, 8], [5, 8, 9], [5, 9, 11], [5, 10, 11], [7, 9, 11], [7, 10, 11]] ),
SimplicialSurfaceByVerticesInFaces( 11, 18, [[1, 6, 7], [1, 6, 8], [1, 7, 9], [1, 8, 9], [2, 3, 6], [2, 3, 11], [2, 4, 5], [2, 4, 6], [2, 5, 11], [3, 6, 7], [3, 7, 10], [3, 10, 11], [4, 5, 8], [4, 6, 8], [5, 8, 9], [5, 9, 10], [5, 10, 11], [7, 9, 10]] ),
SimplicialSurfaceByVerticesInFaces( 11, 18, [[1, 6, 7], [1, 6, 8], [1, 7, 9], [1, 8, 9], [2, 3, 5], [2, 3, 6], [2, 4, 5], [2, 4, 6], [3, 5, 10], [3, 6, 7], [3, 7, 10], [4, 5, 8], [4, 6, 8], [5, 8, 11], [5, 10, 11], [7, 9, 10], [8, 9, 11], [9, 10, 11]] ),
SimplicialSurfaceByVerticesInFaces( 11, 18, [[1, 6, 7], [1, 6, 8], [1, 7, 11], [1, 8, 9], [1, 9, 11], [2, 3, 5], [2, 3, 6], [2, 4, 5], [2, 4, 6], [3, 5, 10], [3, 6, 7], [3, 7, 10], [4, 5, 8], [4, 6, 8], [5, 8, 9], [5, 9, 10], [7, 10, 11], [9, 10, 11]] ),
SimplicialSurfaceByVerticesInFaces( 11, 18, [[1, 5, 10], [1, 5, 11], [1, 6, 10], [1, 6, 11], [2, 3, 5], [2, 3, 6], [2, 4, 5], [2, 4, 6], [3, 5, 7], [3, 6, 7], [4, 5, 8], [4, 6, 8], [5, 7, 9], [5, 8, 10], [5, 9, 11], [6, 7, 9], [6, 8, 10], [6, 9, 11]] ),
SimplicialSurfaceByVerticesInFaces( 11, 18, [[1, 8, 9], [1, 8, 11], [1, 9, 10], [1, 10, 11], [2, 3, 5], [2, 3, 6], [2, 4, 5], [2, 4, 6], [3, 5, 7], [3, 6, 7], [4, 5, 8], [4, 6, 9], [4, 8, 9], [5, 7, 8], [6, 7, 10], [6, 9, 10], [7, 8, 11], [7, 10, 11]] ),
SimplicialSurfaceByVerticesInFaces( 11, 18, [[1, 7, 8], [1, 7, 10], [1, 8, 9], [1, 9, 10], [2, 3, 6], [2, 3, 11], [2, 4, 5], [2, 4, 6], [2, 5, 11], [3, 6, 7], [3, 7, 11], [4, 5, 8], [4, 6, 9], [4, 8, 9], [5, 7, 8], [5, 7, 11], [6, 7, 10], [6, 9, 10]] ),
SimplicialSurfaceByVerticesInFaces( 11, 18, [[1, 6, 7], [1, 6, 9], [1, 7, 8], [1, 8, 9], [2, 3, 5], [2, 3, 11], [2, 4, 5], [2, 4, 10], [2, 10, 11], [3, 5, 7], [3, 6, 7], [3, 6, 11], [4, 5, 8], [4, 8, 9], [4, 9, 10], [5, 7, 8], [6, 9, 10], [6, 10, 11]] )
];
