return [

SimplicialSurfaceByDownwardIncidence( 3, 9, 6, [[1,2],[2,3],[1,3],[1,2],[1,3],[2,3],[1,2],[2,3],[1,3]], [[1,2,3],[2,4,5],[5,6,7],[4,8,9],[3,7,8],[1,6,9]] ),

SimplicialSurfaceByVerticesInFaces( 6, 10, [[1,2,3],[2,3,4],[3,4,5],[1,4,5],[1,2,5],[1,3,6],[2,4,6],[3,5,6],[1,4,6],[2,5,6]] ),

SimplicialSurfaceByVerticesInFaces( 9, 18, [[1,2,4],[2,4,5],[2,3,5],[3,5,6],[1,3,6],[1,4,6],[1,4,5],[1,5,8],[5,6,8],[6,8,9],[4,6,9],[4,7,9],[1,7,8],[1,2,8],[2,8,9],[2,3,9],[3,7,9],[1,3,7]] ),

SimplicialSurfaceByDownwardIncidence(
[ 1 .. 21 ],
[ 1 .. 84 ],
[ 1 .. 56 ],
[ [ 1, 2 ], [ 1, 5 ], [ 3, 6 ], [ 4, 5 ], [ 2, 5 ], [ 1, 6 ], [ 2, 3 ], [ 4, 12 ], [ 6, 7 ], [ 8, 10 ], [ 9, 13 ], [ 5, 10 ], 
  [ 2, 4 ], [ 11, 12 ], [ 2, 6 ], [ 5, 12 ], [ 1, 10 ], [ 3, 13 ], [ 1, 7 ], [ 5, 8 ], [ 6, 9 ], [ 4, 14 ], [ 11, 20 ], [ 9, 10 ], [ 8, 13 ], [ 2, 14 ], [ 7, 15 ], [ 16, 18 ], [ 14, 15 ], [ 7, 13 ], 
  [ 17, 21 ], [ 2, 18 ], [ 12, 15 ], [ 5, 11 ], [ 8, 18 ], [ 14, 16 ], [ 19, 20 ], [ 6, 13 ], [ 12, 20 ], [ 3, 18 ], [ 4, 15 ], [ 9, 21 ], 
  [ 1, 9 ], [ 3, 8 ], [ 6, 15 ], [ 2, 16 ], [ 7, 12 ], [ 6, 14 ], [ 7, 10 ], [ 13, 17 ], [ 11, 18 ], [ 18, 21 ], [ 16, 20 ], [ 19, 21 ], [ 7, 11 ], [ 17, 18 ], [ 3, 15 ], [ 16, 21 ], [ 5, 18 ], [ 9, 19 ], 
  [ 11, 16 ], [ 12, 19 ], [ 10, 12 ], [ 8, 21 ], [ 17, 20 ], [ 1, 11 ], [ 14, 19 ], [ 9, 16 ], [ 15, 20 ], [ 10, 13 ], [ 13, 21 ], [ 14, 20 ], 
  [ 20, 21 ], [ 9, 14 ], [ 4, 19 ], [ 7, 17 ], [ 3, 17 ], [ 3, 4 ], [ 10, 19 ], [ 1, 16 ], [ 15, 17 ], [ 4, 8 ], [ 11, 17 ], [ 8, 19 ] ],
[ [ 1, 2, 5 ], [ 1, 6, 15 ], [ 7, 15, 3 ], [ 4, 8, 16 ], [ 2, 17, 12 ], [ 3, 18, 38 ], [ 13, 5, 4 ], [ 6, 19, 9 ], [ 20, 12, 10 ], 
  [ 21, 38, 11 ], [ 13, 26, 22 ], [ 14, 23, 39 ], [ 7, 32, 40 ], [ 8, 41, 33 ], [ 9, 45, 27 ], [ 10, 25, 70 ], [ 11, 42, 71 ], [ 34, 16, 14 ], [ 43, 17, 24 ], [ 44, 18, 25 ], [ 46, 32, 28 ], [ 47, 27, 33 ], 
  [ 48, 45, 29 ], [ 49, 30, 70 ], [ 50, 71, 31 ], [ 34, 59, 51 ], [ 35, 64, 52 ], [ 36, 72, 53 ], [ 37, 54, 73 ], [ 19, 66, 55 ], [ 20, 59, 35 ], 
  [ 21, 48, 74 ], [ 22, 75, 67 ], [ 61, 23, 53 ], [ 24, 60, 79 ], [ 26, 46, 36 ], [ 28, 58, 52 ], [ 29, 72, 69 ], [ 30, 76, 50 ], [ 65, 31, 73 ], [ 62, 39, 37 ], [ 77, 40, 56 ], [ 78, 57, 41 ], 
  [ 68, 42, 58 ], [ 66, 80, 61 ], [ 74, 60, 67 ], [ 63, 79, 62 ], [ 49, 47, 63 ], [ 81, 69, 65 ], [ 43, 80, 68 ], [ 78, 44, 82 ], [ 83, 51, 56 ], [ 84, 64, 54 ], [ 55, 76, 83 ], [ 57, 77, 81 ], [ 82, 75, 84 ] 
 ]
),

SimplicialSurfaceByDownwardIncidence(
[ 1 .. 42 ],
[ 1 .. 168 ],
[ 1 .. 112 ],
[ [ 1, 2 ], [ 1, 3 ], [ 2, 3 ], [ 1, 4 ], [ 2, 4 ], [ 1, 5 ], [ 3, 5 ], [ 2, 6 ], [ 1, 7 ], [ 3, 6 ], [ 4, 7 ], [ 2, 8 ], 
  [ 1, 9 ], [ 4, 8 ], [ 5, 9 ], [ 3, 10 ], [ 2, 11 ], [ 1, 12 ], [ 5, 10 ], [ 6, 11 ], [ 7, 12 ], [ 3, 13 ], [ 4, 14 ], [ 2, 15 ], [ 1, 16 ], [ 6, 13 ], [ 7, 14 ], [ 8, 15 ], [ 9, 16 ], [ 4, 17 ], [ 5, 18 ], 
  [ 3, 19 ], [ 2, 20 ], [ 8, 17 ], [ 9, 18 ], [ 10, 19 ], [ 11, 20 ], [ 12, 16 ], [ 5, 17 ], [ 6, 18 ], [ 7, 21 ], [ 3, 22 ], [ 4, 23 ], 
  [ 10, 17 ], [ 11, 18 ], [ 12, 21 ], [ 13, 22 ], [ 14, 23 ], [ 15, 20 ], [ 6, 14 ], [ 7, 13 ], [ 8, 21 ], [ 9, 24 ], [ 4, 25 ], [ 5, 26 ], [ 13, 14 ], [ 15, 21 ], [ 16, 24 ], [ 17, 25 ], [ 18, 26 ], 
  [ 19, 22 ], [ 8, 10 ], [ 9, 11 ], [ 10, 24 ], [ 11, 27 ], [ 12, 28 ], [ 5, 29 ], [ 6, 30 ], [ 7, 31 ], [ 19, 24 ], [ 20, 27 ], 
  [ 16, 28 ], [ 17, 29 ], [ 18, 30 ], [ 21, 31 ], [ 23, 25 ], [ 12, 15 ], [ 13, 27 ], [ 14, 28 ], [ 15, 32 ], [ 6, 33 ], [ 7, 34 ], [ 8, 35 ], [ 9, 31 ], [ 22, 27 ], [ 23, 28 ], [ 20, 32 ], [ 14, 33 ], 
  [ 13, 34 ], [ 21, 35 ], [ 24, 31 ], [ 26, 29 ], [ 16, 19 ], [ 17, 32 ], [ 18, 28 ], [ 19, 36 ], [ 8, 37 ], [ 9, 38 ], [ 10, 39 ], [ 11, 35 ], 
  [ 12, 26 ], [ 25, 32 ], [ 26, 28 ], [ 22, 36 ], [ 10, 37 ], [ 11, 38 ], [ 24, 39 ], [ 27, 35 ], [ 30, 33 ], [ 31, 34 ], [ 20, 22 ], [ 16, 23 ], [ 17, 36 ], [ 18, 32 ], [ 21, 24 ], [ 23, 39 ], [ 12, 40 ], 
  [ 13, 39 ], [ 14, 36 ], [ 15, 30 ], [ 29, 36 ], [ 30, 32 ], [ 25, 39 ], [ 15, 40 ], [ 27, 39 ], [ 28, 36 ], [ 35, 37 ], [ 31, 38 ], [ 20, 25 ], 
  [ 21, 27 ], [ 26, 35 ], [ 16, 41 ], [ 19, 33 ], [ 33, 36 ], [ 34, 39 ], [ 29, 35 ], [ 19, 41 ], [ 32, 36 ], [ 28, 32 ], [ 37, 39 ], [ 35, 38 ], [ 26, 40 ], [ 22, 29 ], [ 24, 27 ], [ 30, 31 ], [ 20, 42 ], 
  [ 23, 37 ], [ 31, 33 ], [ 30, 34 ], [ 22, 42 ], [ 23, 41 ], [ 30, 40 ], [ 25, 34 ], [ 26, 37 ], [ 33, 38 ], [ 25, 42 ], [ 33, 41 ], [ 29, 38 ], 
  [ 37, 40 ], [ 29, 42 ], [ 37, 41 ], [ 34, 40 ], [ 34, 42 ], [ 38, 41 ], [ 38, 42 ], [ 40, 41 ], [ 40, 42 ], [ 41, 42 ] ],
[ [ 1, 2, 3 ], [ 1, 4, 5 ], [ 2, 6, 7 ], [ 3, 8, 10 ], [ 4, 9, 11 ], [ 5, 12, 14 ], [ 6, 13, 15 ], [ 7, 16, 19 ], [ 8, 17, 20 ], 
  [ 9, 18, 21 ], [ 10, 22, 26 ], [ 11, 23, 27 ], [ 12, 24, 28 ], [ 13, 25, 29 ], [ 14, 30, 34 ], [ 15, 31, 35 ], [ 16, 32, 36 ], [ 17, 33, 37 ], [ 18, 25, 38 ], [ 19, 39, 44 ], [ 20, 40, 45 ], [ 21, 41, 46 ], 
  [ 22, 42, 47 ], [ 23, 43, 48 ], [ 24, 33, 49 ], [ 26, 50, 56 ], [ 51, 27, 56 ], [ 28, 52, 57 ], [ 29, 53, 58 ], [ 30, 54, 59 ], [ 31, 55, 60 ], 
  [ 32, 42, 61 ], [ 62, 34, 44 ], [ 63, 35, 45 ], [ 36, 64, 70 ], [ 37, 65, 71 ], [ 38, 66, 72 ], [ 39, 67, 73 ], [ 40, 68, 74 ], [ 41, 69, 75 ], [ 43, 54, 76 ], [ 77, 46, 57 ], [ 47, 78, 85 ], 
  [ 48, 79, 86 ], [ 49, 80, 87 ], [ 50, 81, 88 ], [ 51, 82, 89 ], [ 52, 83, 90 ], [ 53, 84, 91 ], [ 55, 67, 92 ], [ 93, 58, 70 ], 
  [ 59, 94, 102 ], [ 60, 95, 103 ], [ 61, 96, 104 ], [ 62, 97, 105 ], [ 63, 98, 106 ], [ 64, 99, 107 ], [ 65, 100, 108 ], [ 101, 66, 103 ], [ 68, 81, 109 ], [ 69, 82, 110 ], [ 111, 71, 85 ], [ 112, 72, 86 ], 
  [ 73, 113, 121 ], [ 74, 114, 122 ], [ 115, 75, 91 ], [ 76, 116, 123 ], [ 77, 117, 124 ], [ 78, 118, 125 ], [ 79, 119, 126 ], [ 120, 80, 122 ], [ 83, 97, 127 ], 
  [ 84, 98, 128 ], [ 129, 87, 102 ], [ 88, 119, 134 ], [ 89, 118, 135 ], [ 130, 90, 108 ], [ 92, 131, 136 ], [ 93, 132, 137 ], [ 94, 113, 138 ], [ 95, 114, 139 ], [ 133, 96, 134 ], [ 105, 99, 140 ], 
  [ 100, 106, 141 ], [ 101, 117, 142 ], [ 143, 104, 121 ], [ 144, 107, 125 ], [ 145, 109, 148 ], [ 145, 149, 110 ], [ 111, 146, 150 ], [ 112, 132, 151 ], [ 115, 130, 144 ], 
  [ 147, 116, 140 ], [ 120, 124, 152 ], [ 153, 123, 135 ], [ 139, 126, 138 ], [ 131, 154, 127 ], [ 148, 128, 155 ], [ 129, 146, 156 ], [ 133, 137, 157 ], [ 136, 158, 141 ], [ 154, 142, 159 ], 
  [ 143, 150, 160 ], [ 147, 151, 161 ], [ 149, 152, 162 ], [ 153, 156, 163 ], [ 155, 157, 164 ], [ 158, 160, 165 ], [ 159, 161, 166 ], [ 162, 163, 167 ], [ 164, 165, 168 ], [ 166, 167, 168 ] ]
),

SimplicialSurfaceByDownwardIncidence(
[ 1 .. 190 ],
[ 1 .. 855 ],
[ 1 .. 570 ],
[ [ 1, 2 ], [ 1, 3 ], [ 2, 3 ], [ 1, 4 ], [ 2, 4 ], [ 1, 5 ], [ 3, 5 ], [ 2, 6 ], [ 1, 7 ], [ 3, 6 ], [ 4, 7 ], [ 2, 8 ], 
  [ 1, 9 ], [ 4, 8 ], [ 5, 9 ], [ 3, 10 ], [ 2, 11 ], [ 1, 12 ], [ 5, 10 ], [ 6, 11 ], [ 7, 12 ], [ 3, 13 ], [ 4, 14 ], [ 2, 15 ], [ 1, 16 ], [ 6, 13 ], [ 7, 14 ], [ 8, 15 ], [ 9, 16 ], [ 4, 17 ], [ 5, 18 ], 
  [ 3, 19 ], [ 2, 20 ], [ 1, 21 ], [ 8, 17 ], [ 9, 18 ], [ 10, 19 ], [ 11, 20 ], [ 12, 21 ], [ 5, 22 ], [ 6, 23 ], [ 7, 24 ], [ 3, 25 ], 
  [ 4, 26 ], [ 2, 27 ], [ 10, 22 ], [ 11, 23 ], [ 12, 24 ], [ 13, 25 ], [ 14, 26 ], [ 15, 27 ], [ 16, 21 ], [ 6, 28 ], [ 7, 28 ], [ 8, 29 ], [ 9, 30 ], [ 4, 31 ], [ 5, 32 ], [ 3, 33 ], [ 13, 28 ], [ 14, 28 ], 
  [ 15, 29 ], [ 16, 30 ], [ 17, 31 ], [ 18, 32 ], [ 19, 33 ], [ 20, 27 ], [ 8, 22 ], [ 9, 23 ], [ 10, 34 ], [ 11, 35 ], [ 12, 36 ], [ 5, 37 ], 
  [ 6, 38 ], [ 7, 39 ], [ 4, 40 ], [ 17, 22 ], [ 18, 23 ], [ 19, 34 ], [ 20, 35 ], [ 21, 36 ], [ 22, 37 ], [ 23, 38 ], [ 24, 39 ], [ 25, 33 ], [ 26, 40 ], [ 10, 17 ], [ 11, 18 ], [ 12, 29 ], [ 13, 41 ], 
  [ 14, 42 ], [ 15, 43 ], [ 16, 44 ], [ 6, 45 ], [ 7, 46 ], [ 8, 47 ], [ 9, 48 ], [ 5, 49 ], [ 24, 29 ], [ 25, 41 ], [ 26, 42 ], [ 27, 43 ], 
  [ 21, 44 ], [ 28, 45 ], [ 28, 46 ], [ 29, 47 ], [ 30, 48 ], [ 31, 40 ], [ 32, 49 ], [ 13, 14 ], [ 15, 24 ], [ 16, 34 ], [ 17, 50 ], [ 18, 51 ], [ 19, 52 ], [ 20, 53 ], [ 8, 54 ], [ 9, 55 ], [ 10, 56 ], 
  [ 11, 57 ], [ 12, 58 ], [ 6, 59 ], [ 7, 60 ], [ 30, 34 ], [ 31, 50 ], [ 32, 51 ], [ 33, 52 ], [ 27, 53 ], [ 22, 54 ], [ 23, 55 ], [ 34, 56 ], 
  [ 35, 57 ], [ 36, 58 ], [ 37, 49 ], [ 38, 59 ], [ 39, 60 ], [ 19, 30 ], [ 20, 41 ], [ 21, 42 ], [ 22, 61 ], [ 23, 62 ], [ 24, 63 ], [ 25, 64 ], [ 26, 65 ], [ 10, 66 ], [ 11, 67 ], [ 12, 68 ], [ 13, 69 ], 
  [ 14, 70 ], [ 15, 71 ], [ 16, 63 ], [ 8, 72 ], [ 9, 73 ], [ 35, 41 ], [ 36, 42 ], [ 37, 61 ], [ 38, 62 ], [ 39, 63 ], [ 33, 64 ], [ 40, 65 ], 
  [ 17, 66 ], [ 18, 67 ], [ 29, 68 ], [ 41, 69 ], [ 42, 70 ], [ 43, 71 ], [ 44, 63 ], [ 45, 59 ], [ 46, 60 ], [ 47, 72 ], [ 48, 73 ], [ 25, 35 ], [ 26, 36 ], [ 27, 50 ], [ 21, 51 ], [ 28, 74 ], [ 28, 75 ], 
  [ 29, 76 ], [ 30, 58 ], [ 31, 77 ], [ 32, 78 ], [ 13, 79 ], [ 14, 79 ], [ 15, 80 ], [ 16, 81 ], [ 17, 82 ], [ 18, 83 ], [ 19, 84 ], [ 20, 76 ], 
  [ 10, 85 ], [ 11, 86 ], [ 12, 87 ], [ 43, 50 ], [ 44, 51 ], [ 45, 74 ], [ 46, 75 ], [ 47, 76 ], [ 48, 58 ], [ 40, 77 ], [ 49, 78 ], [ 24, 80 ], [ 34, 81 ], [ 50, 82 ], [ 51, 83 ], [ 52, 84 ], [ 53, 76 ], 
  [ 54, 72 ], [ 55, 73 ], [ 56, 85 ], [ 57, 86 ], [ 58, 87 ], [ 31, 43 ], [ 32, 44 ], [ 33, 61 ], [ 27, 62 ], [ 22, 88 ], [ 23, 89 ], [ 34, 90 ], 
  [ 35, 71 ], [ 36, 48 ], [ 37, 91 ], [ 38, 92 ], [ 39, 93 ], [ 19, 94 ], [ 20, 95 ], [ 21, 96 ], [ 22, 97 ], [ 23, 98 ], [ 24, 99 ], [ 25, 90 ], [ 26, 100 ], [ 13, 101 ], [ 14, 102 ], [ 15, 103 ], 
  [ 16, 104 ], [ 52, 61 ], [ 53, 62 ], [ 54, 88 ], [ 55, 89 ], [ 56, 90 ], [ 57, 71 ], [ 49, 91 ], [ 59, 92 ], [ 60, 93 ], [ 30, 94 ], 
  [ 41, 95 ], [ 42, 96 ], [ 61, 97 ], [ 62, 98 ], [ 63, 99 ], [ 64, 90 ], [ 65, 100 ], [ 66, 85 ], [ 67, 86 ], [ 68, 87 ], [ 69, 101 ], [ 70, 102 ], [ 71, 103 ], [ 63, 104 ], [ 37, 52 ], [ 38, 53 ], 
  [ 39, 44 ], [ 33, 74 ], [ 40, 75 ], [ 17, 105 ], [ 18, 106 ], [ 29, 107 ], [ 41, 84 ], [ 42, 108 ], [ 43, 57 ], [ 45, 109 ], [ 46, 110 ], [ 47, 111 ], 
  [ 48, 112 ], [ 25, 113 ], [ 26, 114 ], [ 27, 115 ], [ 21, 116 ], [ 28, 117 ], [ 29, 118 ], [ 30, 119 ], [ 31, 108 ], [ 32, 120 ], [ 19, 115 ], [ 20, 116 ], [ 64, 74 ], [ 65, 75 ], [ 66, 105 ], [ 67, 106 ], 
  [ 68, 107 ], [ 69, 84 ], [ 70, 108 ], [ 59, 109 ], [ 60, 110 ], [ 72, 111 ], [ 73, 112 ], [ 35, 113 ], [ 36, 114 ], [ 50, 115 ], [ 51, 116 ], [ 74, 117 ], 
  [ 75, 117 ], [ 76, 118 ], [ 58, 119 ], [ 77, 108 ], [ 78, 120 ], [ 79, 101 ], [ 79, 102 ], [ 80, 103 ], [ 81, 104 ], [ 82, 105 ], [ 83, 106 ], [ 84, 115 ], [ 76, 116 ], [ 45, 64 ], [ 46, 65 ], [ 47, 53 ], 
  [ 40, 88 ], [ 49, 89 ], [ 24, 121 ], [ 34, 122 ], [ 50, 100 ], [ 51, 123 ], [ 52, 69 ], [ 54, 124 ], [ 55, 125 ], [ 56, 126 ], [ 57, 127 ], [ 58, 128 ], 
  [ 31, 129 ], [ 32, 130 ], [ 33, 103 ], [ 27, 104 ], [ 34, 131 ], [ 35, 132 ], [ 36, 133 ], [ 37, 123 ], [ 38, 134 ], [ 39, 135 ], [ 25, 96 ], [ 26, 95 ], [ 77, 88 ], [ 78, 89 ], [ 80, 121 ], [ 81, 122 ], 
  [ 82, 100 ], [ 83, 123 ], [ 72, 124 ], [ 73, 125 ], [ 85, 126 ], [ 86, 127 ], [ 87, 128 ], [ 43, 129 ], [ 44, 130 ], [ 61, 103 ], [ 62, 104 ], [ 88, 97 ], 
  [ 89, 98 ], [ 90, 131 ], [ 71, 132 ], [ 48, 133 ], [ 91, 123 ], [ 92, 134 ], [ 93, 135 ], [ 94, 115 ], [ 95, 116 ], [ 96, 116 ], [ 99, 121 ], [ 90, 96 ], [ 95, 100 ], [ 54, 77 ], [ 55, 78 ], [ 56, 64 ], 
  [ 49, 105 ], [ 59, 106 ], [ 60, 107 ], [ 30, 136 ], [ 41, 137 ], [ 42, 138 ], [ 61, 120 ], [ 62, 139 ], [ 63, 140 ], [ 65, 82 ], [ 66, 124 ], [ 67, 125 ], 
  [ 68, 141 ], [ 69, 142 ], [ 70, 143 ], [ 71, 144 ], [ 63, 145 ], [ 37, 146 ], [ 38, 147 ], [ 39, 148 ], [ 33, 87 ], [ 40, 86 ], [ 41, 149 ], [ 42, 150 ], [ 43, 151 ], [ 44, 148 ], [ 45, 139 ], [ 46, 140 ], 
  [ 47, 152 ], [ 48, 153 ], [ 31, 81 ], [ 32, 113 ], [ 91, 105 ], [ 92, 106 ], [ 93, 107 ], [ 94, 136 ], [ 95, 137 ], [ 96, 138 ], [ 97, 120 ], [ 98, 139 ], 
  [ 99, 140 ], [ 85, 124 ], [ 86, 125 ], [ 87, 141 ], [ 101, 142 ], [ 102, 143 ], [ 103, 144 ], [ 104, 145 ], [ 52, 146 ], [ 53, 147 ], [ 74, 87 ], [ 75, 86 ], [ 107, 118 ], [ 84, 149 ], [ 108, 150 ], 
  [ 57, 151 ], [ 109, 139 ], [ 110, 140 ], [ 111, 152 ], [ 112, 153 ], [ 96, 113 ], [ 95, 114 ], [ 104, 115 ], [ 119, 136 ], [ 81, 108 ], [ 113, 120 ], 
  [ 66, 91 ], [ 67, 92 ], [ 68, 93 ], [ 70, 77 ], [ 59, 102 ], [ 60, 101 ], [ 72, 121 ], [ 73, 122 ], [ 35, 154 ], [ 36, 155 ], [ 50, 156 ], [ 51, 157 ], [ 74, 134 ], [ 75, 135 ], [ 76, 158 ], [ 58, 159 ], 
  [ 78, 97 ], [ 79, 110 ], [ 79, 109 ], [ 80, 141 ], [ 81, 160 ], [ 82, 161 ], [ 83, 162 ], [ 84, 144 ], [ 76, 145 ], [ 45, 163 ], [ 46, 159 ], [ 47, 164 ], 
  [ 40, 73 ], [ 49, 101 ], [ 50, 165 ], [ 51, 166 ], [ 52, 167 ], [ 53, 164 ], [ 54, 158 ], [ 55, 159 ], [ 56, 161 ], [ 57, 162 ], [ 58, 168 ], [ 37, 68 ], [ 38, 94 ], [ 39, 129 ], [ 102, 109 ], [ 101, 110 ], 
  [ 111, 121 ], [ 112, 122 ], [ 113, 154 ], [ 114, 155 ], [ 115, 156 ], [ 116, 157 ], [ 117, 134 ], [ 117, 135 ], [ 118, 158 ], [ 119, 159 ], [ 103, 141 ], [ 104, 160 ], 
  [ 105, 161 ], [ 106, 162 ], [ 115, 144 ], [ 116, 145 ], [ 64, 163 ], [ 65, 159 ], [ 73, 88 ], [ 89, 101 ], [ 122, 131 ], [ 100, 165 ], [ 123, 166 ], [ 69, 167 ], [ 124, 158 ], [ 125, 159 ], 
  [ 126, 161 ], [ 127, 162 ], [ 128, 168 ], [ 81, 129 ], [ 113, 130 ], [ 87, 103 ], [ 132, 154 ], [ 133, 155 ], [ 68, 123 ], [ 94, 134 ], [ 129, 135 ], [ 80, 111 ], [ 81, 112 ], 
  [ 83, 91 ], [ 72, 85 ], [ 73, 86 ], [ 85, 136 ], [ 86, 137 ], [ 87, 138 ], [ 43, 169 ], [ 44, 170 ], [ 61, 156 ], [ 62, 157 ], [ 88, 152 ], [ 89, 153 ], [ 90, 171 ], [ 71, 172 ], 
  [ 48, 146 ], [ 92, 117 ], [ 93, 117 ], [ 94, 160 ], [ 95, 173 ], [ 96, 173 ], [ 97, 152 ], [ 98, 153 ], [ 99, 174 ], [ 90, 128 ], [ 100, 127 ], [ 54, 172 ], [ 55, 140 ], [ 56, 175 ], 
  [ 49, 60 ], [ 59, 85 ], [ 60, 105 ], [ 61, 176 ], [ 62, 177 ], [ 63, 178 ], [ 64, 175 ], [ 65, 179 ], [ 66, 171 ], [ 67, 172 ], [ 68, 146 ], [ 69, 143 ], [ 70, 142 ], [ 71, 174 ], 
  [ 45, 80 ], [ 46, 55 ], [ 47, 114 ], [ 126, 136 ], [ 127, 137 ], [ 128, 138 ], [ 129, 169 ], [ 130, 170 ], [ 103, 156 ], [ 104, 157 ], [ 131, 171 ], [ 132, 172 ], [ 133, 146 ], [ 115, 160 ], 
  [ 116, 173 ], [ 121, 174 ], [ 96, 128 ], [ 95, 127 ], [ 77, 172 ], [ 78, 140 ], [ 85, 106 ], [ 105, 107 ], [ 137, 149 ], [ 138, 150 ], [ 120, 176 ], [ 139, 177 ], [ 140, 178 ], 
  [ 82, 179 ], [ 124, 171 ], [ 125, 172 ], [ 141, 146 ], [ 142, 143 ], [ 144, 174 ], [ 145, 178 ], [ 94, 147 ], [ 129, 148 ], [ 151, 169 ], [ 148, 170 ], [ 80, 139 ], [ 114, 152 ], [ 146, 153 ], 
  [ 94, 126 ], [ 98, 109 ], [ 99, 110 ], [ 101, 154 ], [ 102, 155 ], [ 52, 180 ], [ 53, 181 ], [ 74, 138 ], [ 75, 137 ], [ 107, 168 ], [ 84, 182 ], [ 108, 171 ], [ 57, 163 ], 
  [ 97, 111 ], [ 98, 112 ], [ 113, 173 ], [ 114, 173 ], [ 118, 168 ], [ 119, 183 ], [ 108, 112 ], [ 120, 142 ], [ 66, 182 ], [ 67, 158 ], [ 70, 184 ], [ 59, 72 ], [ 72, 102 ], [ 74, 185 ], 
  [ 75, 186 ], [ 76, 187 ], [ 77, 184 ], [ 78, 179 ], [ 79, 182 ], [ 79, 171 ], [ 80, 163 ], [ 82, 126 ], [ 83, 127 ], [ 84, 183 ], [ 54, 67 ], [ 56, 130 ], [ 142, 154 ], 
  [ 143, 155 ], [ 144, 156 ], [ 145, 157 ], [ 146, 180 ], [ 147, 181 ], [ 149, 182 ], [ 150, 171 ], [ 151, 163 ], [ 136, 183 ], [ 113, 142 ], [ 91, 182 ], [ 92, 158 ], [ 93, 123 ], [ 102, 121 ], 
  [ 88, 122 ], [ 156, 165 ], [ 157, 166 ], [ 134, 185 ], [ 135, 186 ], [ 158, 187 ], [ 159, 168 ], [ 97, 179 ], [ 110, 182 ], [ 109, 171 ], [ 141, 163 ], [ 129, 160 ], [ 144, 183 ], 
  [ 145, 187 ], [ 114, 164 ], [ 167, 180 ], [ 164, 181 ], [ 130, 161 ], [ 162, 163 ], [ 114, 143 ], [ 118, 124 ], [ 119, 125 ], [ 105, 169 ], [ 106, 170 ], [ 64, 186 ], [ 65, 185 ], 
  [ 89, 154 ], [ 122, 178 ], [ 100, 182 ], [ 123, 158 ], [ 69, 147 ], [ 118, 128 ], [ 130, 173 ], [ 131, 178 ], [ 132, 188 ], [ 133, 183 ], [ 126, 134 ], [ 135, 161 ], [ 83, 189 ], [ 88, 180 ], 
  [ 89, 181 ], [ 90, 188 ], [ 91, 189 ], [ 92, 184 ], [ 93, 167 ], [ 99, 144 ], [ 100, 183 ], [ 66, 79 ], [ 70, 148 ], [ 161, 169 ], [ 162, 170 ], [ 163, 186 ], [ 159, 185 ], 
  [ 165, 182 ], [ 158, 166 ], [ 147, 167 ], [ 154, 188 ], [ 155, 183 ], [ 129, 161 ], [ 111, 139 ], [ 106, 136 ], [ 156, 176 ], [ 157, 177 ], [ 152, 180 ], [ 153, 181 ], [ 171, 188 ], [ 172, 174 ], 
  [ 117, 184 ], [ 117, 167 ], [ 147, 160 ], [ 128, 188 ], [ 127, 183 ], [ 130, 175 ], [ 175, 186 ], [ 179, 185 ], [ 143, 147 ], [ 142, 148 ], [ 130, 162 ], [ 124, 131 ], 
  [ 125, 132 ], [ 133, 141 ], [ 121, 170 ], [ 77, 176 ], [ 78, 177 ], [ 107, 169 ], [ 137, 187 ], [ 138, 166 ], [ 120, 172 ], [ 139, 140 ], [ 82, 164 ], [ 131, 145 ], [ 148, 160 ], [ 149, 187 ], 
  [ 150, 166 ], [ 151, 188 ], [ 148, 174 ], [ 143, 152 ], [ 152, 153 ], [ 98, 189 ], [ 99, 190 ], [ 107, 181 ], [ 108, 188 ], [ 109, 189 ], [ 110, 190 ], [ 111, 175 ], [ 112, 151 ], 
  [ 119, 144 ], [ 120, 174 ], [ 83, 133 ], [ 170, 174 ], [ 172, 176 ], [ 140, 177 ], [ 139, 178 ], [ 164, 179 ], [ 169, 188 ], [ 146, 152 ], [ 121, 155 ], [ 138, 185 ], [ 137, 186 ], 
  [ 168, 181 ], [ 182, 183 ], [ 97, 175 ], [ 98, 151 ], [ 164, 173 ], [ 112, 188 ], [ 142, 174 ], [ 148, 184 ], [ 176, 184 ], [ 177, 179 ], [ 126, 164 ], [ 127, 133 ], [ 147, 153 ], 
  [ 110, 149 ], [ 109, 150 ], [ 141, 151 ], [ 136, 155 ], [ 91, 165 ], [ 92, 166 ], [ 93, 187 ], [ 122, 180 ], [ 156, 177 ], [ 150, 157 ], [ 134, 159 ], [ 135, 163 ], [ 145, 149 ], 
  [ 165, 177 ], [ 167, 187 ], [ 164, 168 ], [ 161, 162 ], [ 135, 162 ], [ 134, 168 ], [ 118, 190 ], [ 119, 190 ], [ 122, 186 ], [ 123, 187 ], [ 124, 190 ], [ 125, 190 ], [ 128, 132 ], [ 99, 119 ], 
  [ 175, 179 ], [ 180, 187 ], [ 136, 170 ], [ 154, 181 ], [ 178, 186 ], [ 118, 132 ], [ 173, 175 ], [ 126, 168 ], [ 133, 189 ], [ 165, 189 ], [ 166, 184 ], [ 160, 167 ], 
  [ 154, 169 ], [ 111, 178 ], [ 156, 185 ], [ 157, 165 ], [ 176, 185 ], [ 175, 178 ], [ 143, 153 ], [ 131, 190 ], [ 132, 190 ], [ 137, 180 ], [ 138, 176 ], [ 141, 189 ], [ 167, 184 ], [ 177, 185 ], 
  [ 155, 170 ], [ 169, 181 ], [ 166, 176 ], [ 131, 149 ], [ 160, 184 ], [ 151, 189 ], [ 150, 189 ], [ 149, 190 ], [ 173, 179 ], [ 180, 186 ], [ 150, 165 ] ],
[ [ 1, 2, 3 ], [ 1, 4, 5 ], [ 2, 6, 7 ], [ 3, 8, 10 ], [ 4, 9, 11 ], [ 5, 12, 14 ], [ 6, 13, 15 ], [ 7, 16, 19 ], [ 8, 17, 20 ], 
  [ 9, 18, 21 ], [ 10, 22, 26 ], [ 11, 23, 27 ], [ 12, 24, 28 ], [ 13, 25, 29 ], [ 14, 30, 35 ], [ 15, 31, 36 ], [ 16, 32, 37 ], [ 17, 33, 38 ], [ 18, 34, 39 ], [ 19, 40, 46 ], [ 20, 41, 47 ], [ 21, 42, 48 ], 
  [ 22, 43, 49 ], [ 23, 44, 50 ], [ 24, 45, 51 ], [ 25, 34, 52 ], [ 26, 53, 60 ], [ 27, 54, 61 ], [ 28, 55, 62 ], [ 29, 56, 63 ], [ 30, 57, 64 ], 
  [ 31, 58, 65 ], [ 32, 59, 66 ], [ 33, 45, 67 ], [ 35, 68, 77 ], [ 36, 69, 78 ], [ 37, 70, 79 ], [ 38, 71, 80 ], [ 39, 72, 81 ], [ 40, 73, 82 ], [ 41, 74, 83 ], [ 42, 75, 84 ], [ 43, 59, 85 ], 
  [ 44, 76, 86 ], [ 87, 46, 77 ], [ 88, 47, 78 ], [ 48, 89, 99 ], [ 49, 90, 100 ], [ 50, 91, 101 ], [ 51, 92, 102 ], [ 52, 93, 103 ], 
  [ 53, 94, 104 ], [ 54, 95, 105 ], [ 55, 96, 106 ], [ 56, 97, 107 ], [ 57, 76, 108 ], [ 58, 98, 109 ], [ 110, 60, 61 ], [ 111, 62, 99 ], [ 63, 112, 124 ], [ 64, 113, 125 ], [ 65, 114, 126 ], [ 66, 115, 127 ],
  [ 67, 116, 128 ], [ 68, 117, 129 ], [ 69, 118, 130 ], [ 70, 119, 131 ], [ 71, 120, 132 ], [ 72, 121, 133 ], [ 73, 98, 134 ], [ 74, 122, 135 ], [ 75, 123, 136 ], 
  [ 137, 79, 124 ], [ 80, 138, 154 ], [ 81, 139, 155 ], [ 82, 140, 156 ], [ 83, 141, 157 ], [ 84, 142, 158 ], [ 85, 143, 159 ], [ 86, 144, 160 ], [ 87, 145, 161 ], [ 88, 146, 162 ], [ 89, 147, 163 ], 
  [ 90, 148, 164 ], [ 91, 149, 165 ], [ 92, 150, 166 ], [ 93, 151, 167 ], [ 94, 122, 168 ], [ 95, 123, 169 ], [ 96, 152, 170 ], [ 97, 153, 171 ], [ 172, 100, 154 ], 
  [ 173, 101, 155 ], [ 102, 174, 193 ], [ 103, 175, 194 ], [ 104, 176, 195 ], [ 105, 177, 196 ], [ 106, 178, 197 ], [ 107, 179, 198 ], [ 108, 180, 199 ], [ 109, 181, 200 ], [ 110, 182, 183 ], 
  [ 111, 184, 201 ], [ 112, 185, 202 ], [ 113, 186, 203 ], [ 114, 187, 204 ], [ 115, 188, 205 ], [ 116, 189, 206 ], [ 117, 152, 207 ], [ 118, 153, 208 ], 
  [ 119, 190, 209 ], [ 120, 191, 210 ], [ 121, 192, 211 ], [ 212, 125, 193 ], [ 213, 126, 194 ], [ 127, 214, 236 ], [ 128, 215, 237 ], [ 129, 216, 238 ], [ 130, 217, 239 ], [ 131, 218, 240 ], 
  [ 132, 219, 241 ], [ 220, 133, 198 ], [ 134, 221, 242 ], [ 135, 222, 243 ], [ 136, 223, 244 ], [ 137, 224, 245 ], [ 138, 225, 246 ], [ 139, 226, 247 ], [ 140, 227, 248 ], 
  [ 141, 228, 249 ], [ 142, 229, 250 ], [ 143, 230, 251 ], [ 144, 231, 252 ], [ 145, 190, 253 ], [ 146, 191, 254 ], [ 147, 192, 255 ], [ 148, 232, 256 ], [ 149, 233, 257 ], [ 150, 234, 258 ], 
  [ 151, 235, 259 ], [ 260, 156, 236 ], [ 261, 157, 237 ], [ 262, 158, 167 ], [ 159, 263, 286 ], [ 160, 264, 287 ], [ 161, 265, 288 ], [ 162, 266, 289 ], 
  [ 163, 267, 290 ], [ 164, 268, 291 ], [ 165, 269, 292 ], [ 270, 166, 241 ], [ 168, 271, 293 ], [ 169, 272, 294 ], [ 170, 273, 295 ], [ 171, 274, 296 ], [ 172, 275, 297 ], [ 173, 276, 298 ], 
  [ 174, 277, 299 ], [ 175, 278, 300 ], [ 176, 279, 301 ], [ 177, 279, 302 ], [ 178, 280, 303 ], [ 179, 281, 304 ], [ 180, 282, 305 ], [ 181, 283, 306 ], [ 182, 232, 307 ], 
  [ 183, 233, 308 ], [ 184, 234, 309 ], [ 185, 235, 310 ], [ 186, 265, 311 ], [ 187, 266, 312 ], [ 188, 284, 313 ], [ 189, 285, 314 ], [ 315, 195, 286 ], [ 316, 196, 287 ], [ 317, 197, 206 ], 
  [ 199, 318, 342 ], [ 200, 319, 343 ], [ 201, 320, 344 ], [ 202, 321, 345 ], [ 203, 322, 346 ], [ 204, 323, 347 ], [ 324, 205, 291 ], [ 207, 325, 348 ], 
  [ 208, 326, 349 ], [ 209, 327, 350 ], [ 210, 328, 351 ], [ 211, 329, 352 ], [ 212, 330, 353 ], [ 213, 331, 354 ], [ 214, 332, 355 ], [ 215, 333, 356 ], [ 216, 227, 357 ], [ 217, 228, 358 ], 
  [ 218, 334, 359 ], [ 219, 335, 360 ], [ 220, 336, 361 ], [ 221, 337, 362 ], [ 222, 338, 363 ], [ 223, 339, 364 ], [ 224, 284, 365 ], [ 225, 285, 366 ], [ 226, 278, 367 ], 
  [ 229, 320, 368 ], [ 230, 340, 369 ], [ 341, 231, 370 ], [ 371, 238, 342 ], [ 372, 239, 343 ], [ 373, 240, 251 ], [ 242, 374, 406 ], [ 243, 375, 407 ], [ 244, 376, 408 ], [ 245, 377, 409 ], 
  [ 246, 378, 410 ], [ 247, 379, 411 ], [ 248, 380, 412 ], [ 249, 381, 413 ], [ 250, 382, 414 ], [ 383, 252, 346 ], [ 253, 384, 415 ], [ 254, 385, 416 ], 
  [ 255, 386, 417 ], [ 256, 387, 418 ], [ 257, 388, 419 ], [ 258, 389, 420 ], [ 259, 390, 421 ], [ 260, 391, 422 ], [ 261, 392, 423 ], [ 262, 393, 399 ], [ 263, 394, 424 ], [ 264, 395, 425 ], 
  [ 267, 280, 426 ], [ 268, 396, 427 ], [ 269, 397, 428 ], [ 270, 398, 429 ], [ 271, 400, 430 ], [ 272, 401, 431 ], [ 273, 402, 432 ], [ 274, 403, 433 ], [ 340, 275, 434 ], 
  [ 341, 276, 435 ], [ 333, 277, 436 ], [ 281, 377, 437 ], [ 404, 282, 438 ], [ 405, 283, 439 ], [ 440, 288, 406 ], [ 441, 289, 407 ], [ 442, 290, 408 ], [ 443, 292, 305 ], [ 444, 293, 482 ], 
  [ 445, 294, 483 ], [ 295, 446, 484 ], [ 296, 447, 485 ], [ 297, 448, 486 ], [ 298, 449, 487 ], [ 299, 450, 488 ], [ 300, 451, 489 ], [ 301, 452, 490 ], 
  [ 302, 453, 491 ], [ 303, 454, 492 ], [ 304, 455, 493 ], [ 456, 306, 412 ], [ 307, 457, 483 ], [ 308, 458, 482 ], [ 309, 459, 494 ], [ 310, 460, 495 ], [ 311, 461, 496 ], [ 312, 462, 497 ], 
  [ 313, 463, 498 ], [ 314, 464, 499 ], [ 315, 465, 500 ], [ 316, 466, 501 ], [ 317, 467, 473 ], [ 468, 318, 502 ], [ 319, 469, 503 ], [ 321, 334, 504 ], [ 322, 470, 505 ], 
  [ 323, 471, 506 ], [ 324, 472, 507 ], [ 325, 474, 508 ], [ 326, 475, 509 ], [ 327, 476, 510 ], [ 328, 477, 511 ], [ 329, 478, 512 ], [ 404, 330, 513 ], [ 405, 331, 514 ], [ 394, 332, 515 ], 
  [ 335, 448, 516 ], [ 336, 449, 517 ], [ 479, 337, 518 ], [ 480, 338, 519 ], [ 481, 339, 520 ], [ 521, 344, 484 ], [ 522, 345, 485 ], [ 523, 347, 362 ], 
  [ 524, 348, 415 ], [ 525, 349, 416 ], [ 350, 526, 568 ], [ 351, 527, 569 ], [ 352, 528, 570 ], [ 353, 529, 571 ], [ 354, 530, 572 ], [ 355, 531, 573 ], [ 356, 532, 574 ], [ 357, 533, 543 ], 
  [ 358, 534, 544 ], [ 359, 535, 575 ], [ 360, 536, 576 ], [ 361, 537, 577 ], [ 538, 363, 490 ], [ 539, 364, 491 ], [ 365, 540, 578 ], [ 366, 541, 579 ], [ 367, 542, 579 ], 
  [ 368, 545, 580 ], [ 369, 546, 581 ], [ 370, 582, 547 ], [ 371, 548, 583 ], [ 372, 549, 584 ], [ 373, 550, 557 ], [ 551, 374, 553 ], [ 552, 375, 585 ], [ 553, 376, 586 ], [ 378, 396, 587 ], 
  [ 379, 397, 588 ], [ 380, 554, 589 ], [ 381, 555, 590 ], [ 382, 556, 591 ], [ 383, 558, 592 ], [ 384, 559, 593 ], [ 385, 560, 594 ], [ 386, 561, 595 ], 
  [ 387, 562, 596 ], [ 563, 388, 596 ], [ 389, 564, 597 ], [ 390, 556, 598 ], [ 479, 391, 561 ], [ 480, 392, 599 ], [ 481, 393, 600 ], [ 468, 395, 525 ], [ 398, 529, 601 ], [ 399, 530, 602 ], 
  [ 565, 400, 603 ], [ 566, 401, 549 ], [ 567, 402, 604 ], [ 537, 403, 605 ], [ 606, 409, 568 ], [ 582, 410, 569 ], [ 581, 411, 570 ], [ 607, 413, 430 ], [ 608, 414, 431 ], 
  [ 515, 417, 494 ], [ 418, 609, 645 ], [ 419, 610, 646 ], [ 420, 573, 647 ], [ 421, 574, 648 ], [ 422, 611, 649 ], [ 423, 612, 650 ], [ 424, 613, 528 ], [ 425, 614, 527 ], [ 426, 615, 623 ], 
  [ 427, 616, 651 ], [ 428, 617, 652 ], [ 429, 618, 653 ], [ 619, 543, 432 ], [ 620, 544, 433 ], [ 434, 542, 621 ], [ 435, 541, 622 ], [ 436, 495, 578 ], 
  [ 437, 624, 654 ], [ 438, 522, 625 ], [ 439, 655, 626 ], [ 440, 627, 656 ], [ 441, 628, 657 ], [ 442, 518, 658 ], [ 443, 629, 635 ], [ 630, 444, 631 ], [ 551, 469, 445 ], [ 631, 446, 659 ], 
  [ 502, 447, 660 ], [ 450, 470, 661 ], [ 451, 471, 662 ], [ 452, 632, 663 ], [ 453, 633, 664 ], [ 454, 634, 665 ], [ 455, 478, 666 ], [ 456, 636, 667 ], [ 457, 637, 668 ], 
  [ 458, 638, 669 ], [ 459, 639, 670 ], [ 513, 460, 671 ], [ 640, 461, 510 ], [ 641, 462, 511 ], [ 463, 642, 672 ], [ 464, 634, 673 ], [ 565, 465, 639 ], [ 566, 466, 475 ], [ 567, 467, 674 ], 
  [ 472, 611, 675 ], [ 473, 612, 676 ], [ 643, 474, 628 ], [ 644, 476, 677 ], [ 477, 618, 678 ], [ 655, 486, 645 ], [ 679, 487, 646 ], [ 498, 488, 647 ], 
  [ 499, 489, 648 ], [ 680, 492, 508 ], [ 681, 493, 509 ], [ 496, 682, 709 ], [ 497, 683, 710 ], [ 500, 684, 711 ], [ 501, 685, 712 ], [ 503, 686, 609 ], [ 504, 687, 693 ], [ 505, 688, 713 ], 
  [ 689, 506, 714 ], [ 690, 507, 715 ], [ 691, 623, 512 ], [ 514, 621, 692 ], [ 516, 694, 716 ], [ 517, 695, 717 ], [ 606, 519, 696 ], [ 520, 718, 697 ], [ 521, 603, 719 ], 
  [ 523, 698, 702 ], [ 630, 552, 524 ], [ 585, 526, 720 ], [ 531, 554, 721 ], [ 532, 555, 722 ], [ 533, 699, 723 ], [ 534, 700, 724 ], [ 535, 701, 725 ], [ 536, 564, 726 ], [ 538, 703, 727 ], 
  [ 539, 704, 728 ], [ 599, 540, 729 ], [ 705, 545, 597 ], [ 546, 701, 730 ], [ 547, 706, 731 ], [ 643, 548, 560 ], [ 644, 550, 732 ], [ 557, 684, 733 ], 
  [ 558, 685, 734 ], [ 707, 559, 638 ], [ 562, 690, 735 ], [ 563, 708, 736 ], [ 718, 571, 709 ], [ 737, 572, 710 ], [ 738, 593, 575 ], [ 739, 594, 576 ], [ 740, 577, 595 ], [ 741, 580, 769 ], 
  [ 583, 742, 770 ], [ 584, 743, 771 ], [ 586, 682, 744 ], [ 587, 745, 752 ], [ 588, 746, 753 ], [ 747, 589, 770 ], [ 748, 590, 771 ], [ 748, 772, 591 ], [ 749, 592, 773 ], 
  [ 750, 693, 598 ], [ 600, 671, 751 ], [ 601, 754, 774 ], [ 602, 755, 769 ], [ 679, 604, 756 ], [ 775, 605, 757 ], [ 607, 758, 762 ], [ 608, 759, 763 ], [ 659, 610, 776 ], [ 613, 632, 777 ], 
  [ 614, 633, 778 ], [ 615, 760, 779 ], [ 616, 642, 780 ], [ 617, 761, 725 ], [ 619, 781, 764 ], [ 620, 782, 765 ], [ 674, 622, 783 ], [ 766, 624, 672 ], 
  [ 625, 761, 784 ], [ 626, 767, 785 ], [ 707, 627, 637 ], [ 708, 629, 786 ], [ 742, 635, 787 ], [ 743, 636, 788 ], [ 640, 749, 789 ], [ 641, 768, 790 ], [ 775, 649, 723 ], [ 791, 650, 724 ], 
  [ 792, 668, 651 ], [ 793, 669, 652 ], [ 794, 670, 653 ], [ 795, 654, 717 ], [ 796, 656, 713 ], [ 657, 797, 714 ], [ 658, 798, 814 ], [ 660, 699, 799 ], [ 661, 800, 805 ], 
  [ 801, 753, 662 ], [ 802, 663, 712 ], [ 803, 664, 711 ], [ 689, 814, 665 ], [ 802, 810, 666 ], [ 781, 667, 819 ], [ 804, 673, 752 ], [ 675, 806, 820 ], [ 807, 676, 779 ], [ 677, 737, 808 ], 
  [ 809, 803, 678 ], [ 680, 811, 815 ], [ 681, 812, 816 ], [ 720, 683, 821 ], [ 686, 700, 822 ], [ 687, 813, 823 ], [ 688, 706, 780 ], [ 691, 824, 817 ], 
  [ 692, 732, 825 ], [ 817, 730, 694 ], [ 790, 731, 695 ], [ 696, 826, 810 ], [ 697, 809, 808 ], [ 768, 698, 827 ], [ 796, 702, 828 ], [ 797, 703, 829 ], [ 704, 798, 806 ], [ 818, 705, 766 ], 
  [ 729, 715, 830 ], [ 831, 716, 774 ], [ 719, 832, 772 ], [ 721, 833, 835 ], [ 834, 722, 805 ], [ 747, 767, 726 ], [ 728, 727, 843 ], [ 836, 733, 823 ], [ 788, 844, 734 ], 
  [ 735, 837, 791 ], [ 736, 785, 755 ], [ 738, 815, 838 ], [ 739, 816, 839 ], [ 740, 827, 842 ], [ 776, 741, 845 ], [ 744, 760, 846 ], [ 840, 745, 820 ], [ 746, 841, 847 ], [ 750, 848, 804 ], 
  [ 751, 786, 849 ], [ 765, 784, 754 ], [ 756, 837, 757 ], [ 782, 758, 850 ], [ 818, 759, 812 ], [ 793, 762, 851 ], [ 792, 763, 852 ], [ 764, 832, 836 ], 
  [ 783, 773, 853 ], [ 841, 777, 835 ], [ 840, 778, 854 ], [ 847, 829, 787 ], [ 789, 826, 807 ], [ 794, 842, 850 ], [ 795, 821, 845 ], [ 799, 813, 854 ], [ 800, 833, 844 ], [ 801, 855, 834 ], 
  [ 824, 811, 839 ], [ 825, 853, 819 ], [ 831, 822, 846 ], [ 855, 851, 828 ], [ 830, 849, 843 ], [ 848, 838, 852 ] ]
)



];
